[ MESH_DATA ]
794
2154
0
0

[ VERTEX_DATA ]
0.9 1.192 -0.4
-1 0 -1e-06
0.160301 0.467487
0.9 1.192 -0.27
-1 0 -1e-06
0.198082 0.467487
0.9 1.092 -0.27
-1 0 -1e-06
0.198082 0.503815
0.9 1.092 -0.4
-1 0 -1e-06
0.160301 0.503815
-0.9 1.192 -0.27
1 0 1e-06
0.198082 0.467487
-0.9 1.192 -0.4
1 0 1e-06
0.160301 0.467487
-0.9 1.092 -0.4
1 0 1e-06
0.160301 0.503815
-0.9 1.092 -0.27
1 0 1e-06
0.198082 0.503815
0.9 1.192 0.77
-1 0 1e-06
0.161049 0.467487
0.9 1.192 0.9
-1 0 1e-06
0.19883 0.467487
0.9 1.092 0.9
-1 0 1e-06
0.19883 0.503815
0.9 1.092 0.77
-1 0 1e-06
0.161049 0.503815
-0.9 0.5936 0.75
1 0 -0
0.33119 0.401108
-0.9 0.992 -0.27
1 0 -0
0.165563 0.320243
-0.9 0.5936 -0.25
1 0 -0
0.168811 0.401108
-0.9 0.992 -0.4
1 0 -0
0.144454 0.320243
-0.9 1.092 0.77
1 0 -0
0.334437 0.299946
-0.9 0.992 0.9
1 0 -0
0.355546 0.320243
-0.9 1.092 0.9
1 0 -0
0.355546 0.299946
-0.9 -0.992 -0.15
1 0 -0
0.185048 0.722943
-0.9 -0.0992 -0.25
1 0 -0
0.168811 0.541728
-0.9 -0.992 -0.25
1 0 -0
0.168811 0.722943
-0.9 1.092 -0.4
1 0 -0
0.144454 0.299946
-0.9 1.092 -0.27
1 0 -0
0.165563 0.299946
-0.9 -0.0992 0.75
1 0 -0
0.33119 0.541728
-0.9 -0.992 0.65
1 0 -0
0.314952 0.722943
-0.9 -0.992 0.75
1 0 -0
0.33119 0.722943
-0.9 0.992 0.77
1 0 -0
0.334437 0.320243
0.9 0.992 0.9
-1 -0 0
0.355546 0.320243
0.9 0.992 0.77
-1 -0 0
0.334437 0.320243
0.9 1.092 0.9
-1 -0 0
0.355546 0.299946
0.9 1.092 -0.27
-1 -0 0
0.165563 0.299946
0.9 0.992 -0.4
-1 -0 0
0.144454 0.320243
0.9 1.092 -0.4
-1 -0 0
0.144454 0.299946
0.9 -0.0992 0.75
-1 -0 0
0.33119 0.541728
0.9 -0.0992 -0.25
-1 -0 0
0.168811 0.541728
0.9 0.5936 -0.25
-1 -0 0
0.168811 0.401108
0.9 0.5936 0.75
-1 -0 0
0.33119 0.401108
0.9 -0.992 0.65
-1 -0 0
0.314952 0.722943
0.9 -0.992 0.75
-1 -0 0
0.33119 0.722943
0.9 -0.992 -0.15
-1 -0 0
0.185048 0.722943
0.9 -0.992 -0.25
-1 -0 0
0.168811 0.722943
0.9 0.992 -0.27
-1 -0 0
0.165563 0.320243
0.9 1.092 0.77
-1 -0 0
0.334437 0.299946
-0.9 1.192 0.9
1 0 -1e-06
0.19883 0.467487
-0.9 1.192 0.77
1 0 -1e-06
0.161049 0.467487
-0.9 1.092 0.77
1 0 -1e-06
0.161049 0.503815
-0.9 1.092 0.9
1 0 -1e-06
0.19883 0.503815
-1 -1 1
-1 0 0
0.450827 0.726873
-1 -0.45 0.777778
-1 0 0
0.414575 0.61472
-1 -0.45 1
-1 0 0
0.450827 0.61472
-1 -1 0.777778
-1 0 0
0.414575 0.726873
1 -0.45 1
0 0 1
0.478693 0.614673
1 -1 1
0 0 1
0.478693 0.723287
0.9 -0.45 1
0 0 1
0.462895 0.614673
0.9 -1 1
0 0 1
0.462895 0.723287
1 -0.45 -1.25
0.409497 0 -0.91229
0.483629 0.614252
1 -1 -1.25
0.409522 0 -0.9123
0.483629 0.726259
1.21 -0.45 -1.01389
0.835658 0 -0.549242
0.517842 0.614252
1.21 -1 -1.01389
0.835662 -0 -0.549244
0.517842 0.726259
-1 -0.45 -1.25
-0.409497 0 -0.91229
0.15779 0.614252
-1 -1 -1.25
-0.409522 0 -0.9123
0.15779 0.726259
-0.9 -0.45 -1.25
0 0 -1
0.174082 0.614252
-0.9 -1 -1.25
0 0 -1
0.174082 0.726259
1 -1 1
0 -1 0
0.434241 0.617872
1 -1 0.777778
0 -1 0
0.408048 0.617872
0.9 -1 0.777778
0 -1 0
0.408048 0.606084
0.9 -1 1
0 -1 0
0.434241 0.606084
-0.6 1.3 -1
-0.577349 0.577349 -0.577349
0.124563 0.257868
-0.6 1.3 -0.888889
-0.577349 0.577349 0.577349
0.142689 0.257868
-0.6 1.2 -0.888889
-0.643459 0.414635 0.643458
0.142689 0.27826
-0.6 1.2 -1
-0.096524 0.691756 -0.715651
0.124563 0.27826
-1 -0.45 -0.333334
-0.743293 -1e-06 0.668965
0.233318 0.61472
-1 -1 -0.333334
-0.743293 -1e-06 0.668965
0.233318 0.726873
-1.2 -0.45 -0.555555
-0.817347 0 0.576098
0.197066 0.61472
-1.2 -1 -0.555556
-0.817365 -0 0.57612
0.197066 0.726873
-1 -0.45 0.333334
-1 0 0
0.342072 0.61472
-1 -1 0.333333
-1 0 0
0.342072 0.726873
-1 -0.45 -0.333334
-1 0 0
0.233318 0.61472
-1 -1 -0.333334
-1 0 0
0.233318 0.726873
1 -0.45 0.333334
1 0 0
0.481833 0.579093
1 -1 0.333334
1 0 0
0.481833 0.691503
1 -0.45 0.555555
1 0 0
0.518167 0.579093
1 -1 0.555556
1 0 0
0.518167 0.691503
1 -0.45 -0.333334
1 0 0
0.233318 0.61472
1 -1 -0.333333
1 0 0
0.233318 0.726873
1 -0.45 0.333334
1 0 0
0.342072 0.61472
1 -1 0.333334
1 0 0
0.342072 0.726873
1 -1 -0.333333
0 -1 0
0.277079 0.617872
1.2 -1 -0.555555
0 -1 0
0.250886 0.641446
1 -1 -0.555555
0 -1 0
0.250886 0.617872
0.9 -1 -0.333334
0 -1 0
0.277079 0.606084
0.9 -1 0.333334
0 -1 0
0.35566 0.606084
1 -1 0.333334
0 -1 0
0.35566 0.617872
-0.2 1.3 1
-0.577349 0.577349 0.577349
0.289113 0.269083
0.2 1.3 1
0.577349 0.577349 0.577349
0.352306 0.269083
0.2 1.2 1
0.707107 0 0.707107
0.352306 0.288831
-0.2 1.2 1
-0.707107 0 0.707107
0.289113 0.288831
-0.9 1.2 0.333334
0 1 0
0.35566 0.393915
-1 1.2 -0.333333
0 1 0
0.277079 0.382128
-0.9 1.2 -0.333334
0 1 0
0.277079 0.393915
-1 1.2 0.333334
0 1 0
0.35566 0.382128
1.2 -0.45 -0.555555
0.817347 0 0.576098
0.197066 0.61472
1.2 -1 -0.555555
0.817365 1e-06 0.57612
0.197066 0.726873
1 -0.45 -0.333334
0.743293 1e-06 0.668965
0.233318 0.61472
1 -1 -0.333333
0.743293 1e-06 0.668965
0.233318 0.726873
1.32 -0.45 -0.777779
0.999542 0 0.029542
0.160814 0.61472
1.32 -1 -0.777778
0.999563 0 0.029571
0.160815 0.726873
-1.32 -0.45 -0.777779
-0.999542 0 0.029542
0.160814 0.61472
-1.32 -1 -0.777779
-0.999563 -0 0.02957
0.160814 0.726873
-1.21 -0.45 -1.01389
-0.835658 0 -0.549242
0.122297 0.61472
-1.21 -1 -1.01389
-0.835662 0 -0.549244
0.122297 0.726873
1.06 -1 -0.777779
0 -1 0
0.224692 0.624944
1.21 -1 -1.01389
0 -1 0
0.196861 0.642625
1.005 -1 -1.01389
0 -1 0
0.196861 0.618461
1.32 -1 -0.777778
0 -1 0
0.224692 0.655591
-0.8 1.3 0.777778
-0.577349 0.577349 -0.577349
0.414575 0.257868
-0.8 1.3 1
-0.577349 0.577349 0.577349
0.450827 0.257868
-0.8 1.2 1
-0.707107 0 0.707107
0.450827 0.27826
-0.8 1.2 0.777778
-0.707107 0 -0.707107
0.414575 0.27826
-1.2 1.2 -0.555555
-0.837123 0.465224 0.287606
0.250886 0.358554
-1.06 1.2 -0.777779
0.498456 0.597721 0.62791
0.224692 0.375056
-1 1.2 -0.555555
0.486529 0.443952 -0.75246
0.250886 0.382128
-1.32 1.2 -0.777778
-0.945097 0.240333 0.22129
0.224692 0.344409
-1 -0.45 0.555555
-1 0 0
0.518167 0.579093
-1 -1 0.555555
-1 0 0
0.518167 0.691503
-1 -0.45 0.333334
-1 0 0
0.481833 0.579093
-1 -1 0.333333
-1 0 0
0.481833 0.691503
-1 -0.45 0.555555
-1 0 0
0.378324 0.61472
-1 -1 0.555555
-1 0 0
0.378324 0.726873
0.9 -1 0.555555
0 -1 0
0.381854 0.606084
1 -1 0.555556
0 -1 0
0.381854 0.617872
-1.06 1.3 -0.777779
0.501816 0.59032 0.63216
0.160814 0.257868
-1.005 1.3 -1.01389
0.64555 0.566261 -0.512458
0.122297 0.257868
-1.005 1.2 -1.01389
0.973926 0 0.226868
0.122297 0.27826
-1.06 1.2 -0.777779
0.498456 0.597721 0.62791
0.160814 0.27826
-0.9 1.2 0.777778
0 1 0
0.408048 0.393915
-1 1.2 0.555556
0 1 0
0.381854 0.382128
-0.9 1.2 0.555555
0 1 0
0.381854 0.393915
-1 1.2 0.777778
0 1 0
0.408048 0.382128
1 -0.45 0.777778
1 0 0
0.414575 0.61472
1 -1 0.777778
1 0 0
0.414576 0.726873
1 -0.45 1
1 0 0
0.450827 0.61472
1 -1 1
1 0 0
0.450827 0.726873
1 -0.45 0.555555
1 0 0
0.378324 0.61472
1 -1 0.555556
1 0 0
0.378324 0.726873
-0.6 -1 1
0 0 1
0.225919 0.723287
-0.8 -0.45 1
0 0 1
0.194322 0.614673
-0.6 -0.45 1
0 0 1
0.225919 0.614673
-0.8 -1 1
0 0 1
0.194322 0.723287
0.6 -1 -1
-0.780869 0 -0.624695
0.418461 0.726259
0.8 -0.45 -1.25
-0.43318 0 -0.901303
0.451045 0.614252
0.6 -0.45 -1
-0.780869 0 -0.624695
0.418461 0.614252
0.8 -1 -1.25
-0.433189 0 -0.901303
0.451045 0.726259
-0.6 -1 0.777778
0 -1 0
0.408048 0.429277
-0.8 -1 0.777778
0 -1 0
0.408048 0.405703
-0.6 -1 1
0 -1 0
0.434241 0.429277
-0.8 -1 1
0 -1 0
0.434241 0.405703
0.6 1.3 0.777778
-0.577349 0.577349 -0.577349
0.414575 0.257868
0.6 1.3 1
-0.577349 0.577349 0.577349
0.450827 0.257868
0.6 1.2 1
-0.707107 0 0.707107
0.450827 0.27826
0.6 1.2 0.777778
-0.707107 0 -0.707107
0.414575 0.27826
0.2 1.2 1
0 1 0
0.434241 0.523574
0.6 1.2 0.777778
0 1 0
0.408048 0.570723
0.6 1.2 1
0 1 0
0.434241 0.570723
0.2 1.2 0.777778
0 1 0
0.408048 0.523574
-1.2 1.3 -0.555555
-0.763939 0.548296 -0.34022
0.197066 0.257868
-1 1.3 -0.333333
-0.31724 0.625965 0.712363
0.233318 0.257868
-1 1.2 -0.333333
-0.536569 0 0.843857
0.233318 0.27826
-1.2 1.2 -0.555555
-0.837123 0.465224 0.287606
0.197066 0.27826
-0.6 1.2 1
0 1 0
0.434241 0.429277
-0.2 1.2 0.777778
0 1 0
0.408048 0.476426
-0.2 1.2 1
0 1 0
0.434241 0.476426
-0.6 1.2 0.777778
0 1 0
0.408048 0.429277
-0.6 -1 -0.555556
0 -1 0
0.250885 0.429277
-0.8 -1 -0.555556
0 -1 0
0.250885 0.405703
-0.6 -1 -0.333334
0 -1 0
0.277079 0.429277
-0.8 -1 -0.333334
0 -1 0
0.277079 0.405703
-0.6 -1 0.333333
0 -1 0
0.35566 0.429277
-0.8 -1 0.333333
0 -1 0
0.35566 0.405703
0.6 1.2 -0.333334
0 1 0
0.277079 0.570723
0.8 1.2 -0.555556
0 1 0
0.250885 0.594297
0.8 1.2 -0.333334
0 1 0
0.277079 0.594297
0.6 1.2 -0.555556
0 1 0
0.250885 0.570723
0.2 1.2 -0.333334
0 1 0
0.277079 0.523574
0.2 1.2 -0.555556
0 1 0
0.250885 0.523574
-0.2 1.2 -0.333334
0 1 0
0.277079 0.476426
-0.2 1.2 -0.555556
0 1 0
0.250885 0.476426
-0.6 1.2 -0.555555
0 1 0
0.250886 0.429277
-0.6 1.2 -0.333334
0 1 0
0.277079 0.429277
0.6 1.2 0.333333
0 1 0
0.35566 0.570723
0.8 1.2 0.333333
0 1 0
0.35566 0.594297
0.2 1.2 0.333333
0 1 0
0.35566 0.523574
-0.2 1.2 0.333333
0 1 0
0.35566 0.476426
-0.6 1.2 0.333334
0 1 0
0.35566 0.429277
-0.6 -1 -0.888889
0 -1 0
0.211595 0.429277
-0.8 -1 -0.777779
0 -1 0
0.224692 0.405703
-0.6 -1 -0.777779
0 -1 0
0.224692 0.429277
-0.8 -1 -1.01389
0 -1 0
0.196861 0.405703
0.8 1.2 -0.777779
0 1 0
0.224692 0.594297
0.6 1.2 -0.888889
0 1 0
0.211595 0.570723
0.8 1.2 -1.01389
0 1 0
0.196861 0.594297
0.6 1.2 -0.777779
0 1 0
0.224692 0.570723
0.2 1.2 -0.777779
0 1 0
0.224692 0.523574
0.2 1.2 -0.888889
0 1 0
0.211595 0.523574
-0.2 1.2 -0.777779
0 1 0
0.224692 0.476426
-0.2 1.2 -0.888889
0 1 0
0.211595 0.476426
-0.6 1.2 -0.777779
0 1 0
0.224692 0.429277
-0.6 1.2 -0.888889
0 1 0
0.211595 0.429277
-0.6 -1 0.555555
0 -1 0
0.381854 0.429277
-0.8 -1 0.555555
0 -1 0
0.381854 0.405703
0.6 1.2 0.555555
0 1 0
0.381854 0.570723
0.8 1.2 0.555555
0 1 0
0.381854 0.594297
0.2 1.2 0.555555
0 1 0
0.381854 0.523574
-0.2 1.2 0.555555
0 1 0
0.381854 0.476426
-0.6 1.2 0.555555
0 1 0
0.381854 0.429277
0.8 1.2 0.777778
0 1 0
0.408048 0.594297
0.8 -0.45 1
0 0 1
0.447096 0.614673
0.8 -1 1
0 0 1
0.447096 0.723287
0.6 -0.45 1
0 0 1
0.4155 0.614673
0.6 -1 1
0 0 1
0.4155 0.723287
0.8 -1 0.777778
0 -1 0
0.408048 0.594297
0.6 -1 0.777778
0 -1 0
0.408048 0.570723
0.8 -1 1
0 -1 0
0.434241 0.594297
0.6 -1 1
0 -1 0
0.434241 0.570723
0.8 -1 -0.555555
0 -1 0
0.250886 0.594297
0.6 -1 -0.555555
0 -1 0
0.250886 0.570723
0.8 -1 -0.333334
0 -1 0
0.277079 0.594297
0.6 -1 -0.333334
0 -1 0
0.277079 0.570723
0.8 -1 0.333334
0 -1 0
0.35566 0.594297
0.6 -1 0.333334
0 -1 0
0.35566 0.570723
0.8 -1 -1.01389
0 -1 0
0.196861 0.594297
0.6 -1 -0.888889
0 -1 0
0.211595 0.570723
0.8 -1 -0.777779
0 -1 0
0.224692 0.594297
0.6 -1 -0.777779
0 -1 0
0.224692 0.570723
0.8 -1 0.555555
0 -1 0
0.381854 0.594297
0.6 -1 0.555555
0 -1 0
0.381854 0.570723
0.9 -0.45 -1.25
0 0 -1
0.467337 0.614252
0.9 -1 -1.25
0 0 -1
0.467337 0.726259
0.8 1.2 1
0 1 0
0.434241 0.594297
0.9 1.2 0.777778
0 1 0
0.408048 0.606084
0.9 1.2 1
0 1 0
0.434241 0.606084
0.9 1.2 -0.333334
0 1 0
0.277079 0.606084
1 1.2 -0.555556
0 1 0
0.250885 0.617872
0.9 1.2 0.333333
0 1 0
0.35566 0.606084
1.005 1.2 -1.01389
0 1 0
0.196861 0.618461
1.06 1.2 -0.777779
0 1 0
0.224692 0.624944
0.9 1.2 0.555555
0 1 0
0.381854 0.606084
-0.8 -1 -1.25
0.433189 0 -0.901303
0.190373 0.726259
-0.6 -0.45 -1
0.780869 0 -0.624695
0.222957 0.614252
-0.8 -0.45 -1.25
0.43318 0 -0.901303
0.190373 0.614252
-0.6 -1 -1
0.780869 0 -0.624695
0.222957 0.726259
-0.2 1.3 -0.888889
0.577349 0.577349 0.577349
0.142689 0.257868
-0.2 1.3 -1
0.577349 0.577349 -0.577349
0.124563 0.257868
-0.2 1.2 -1
0.707107 0 -0.707107
0.124563 0.27826
-0.2 1.2 -0.888889
0.707107 0 0.707107
0.142689 0.27826
-0.8 1.2 -0.333334
0 1 0
0.277079 0.405703
-0.8 1.2 -0.555555
0 1 0
0.250886 0.405703
-0.8 1.2 0.333334
0 1 0
0.35566 0.405703
-0.8 1.2 -0.777779
0 1 0
0.224692 0.405703
-0.8 1.2 -1.01389
0 1 0
0.196861 0.405703
-0.8 1.2 0.555555
0 1 0
0.381854 0.405703
-0.8 1.2 0.777778
0 1 0
0.408048 0.405703
-0.9 -0.45 1
0 0 1
0.178524 0.614673
-0.9 -1 1
0 0 1
0.178524 0.723287
-0.9 -1 0.777778
0 -1 0
0.408048 0.393915
-0.9 -1 1
0 -1 0
0.434241 0.393915
-0.9 -1 -0.333334
0 -1 0
0.277079 0.393915
-1 -1 -0.555556
0 -1 0
0.250885 0.382128
-0.9 -1 0.333333
0 -1 0
0.35566 0.393915
-1.005 -1 -1.01389
0 -1 0
0.196861 0.381539
-1.06 -1 -0.777779
0 -1 0
0.224692 0.375056
-0.9 -1 0.555555
0 -1 0
0.381854 0.393915
-1 0.65 1
-1 0 0
0.450827 0.390413
-1 1.2 0.777778
-1 0 0
0.414576 0.27826
-1 1.2 1
-1 0 0
0.450827 0.27826
-1 0.65 0.777778
-1 0 0
0.414576 0.390413
-1 0.1 1
-1 0 0
0.450827 0.502566
-1 0.375 0.777778
-1 0 0
0.414576 0.44649
-1 0.375 1
-1 0 0
0.450827 0.44649
-1 0.1 0.777778
-1 0 0
0.414576 0.502566
1 0.65 1
0 0 1
0.478693 0.397445
0.9 1.2 1
0 0 1
0.462895 0.288831
1 1.2 1
0 0 1
0.478693 0.288831
0.9 0.65 1
0 0 1
0.462895 0.397445
1 0.375 1
0 0 1
0.478693 0.451752
1 0.1 1
0 0 1
0.478693 0.506059
0.9 0.375 1
0 0 1
0.462895 0.451752
0.9 0.1 1
0 0 1
0.462895 0.506059
1 1.2 -1.25
0.319498 0.625477 -0.711783
0.483629 0.27823
1 0.65 -1.25
0.409497 0 -0.91229
0.483629 0.390237
1.21 1.2 -1.01389
0.706259 0.148198 -0.692221
0.517842 0.27823
1.21 0.65 -1.01389
0.835658 0 -0.549242
0.517842 0.390237
1 0.375 -1.25
0.409497 0 -0.91229
0.483629 0.446241
1 0.1 -1.25
0.409497 0 -0.91229
0.483629 0.502245
1.21 0.375 -1.01389
0.835658 0 -0.549242
0.517842 0.446241
1.21 0.1 -1.01389
0.835658 0 -0.549242
0.517842 0.502245
-1 0.65 -1.25
-0.409497 0 -0.91229
0.15779 0.390237
-0.9 1.2 -1.25
-0.253639 0.20365 -0.945585
0.174082 0.27823
-1 1.2 -1.25
-0.319498 0.625477 -0.711783
0.15779 0.27823
-0.9 0.65 -1.25
0 0 -1
0.174082 0.390237
-1 0.375 -1.25
-0.409497 0 -0.91229
0.15779 0.446241
-1 0.1 -1.25
-0.409497 0 -0.91229
0.15779 0.502245
-0.9 0.375 -1.25
0 0 -1
0.174082 0.446241
-0.9 0.1 -1.25
0 0 -0.999969
0.174082 0.502245
-1 0.65 -0.333333
-0.743294 0 0.668965
0.233318 0.390413
-1.2 0.65 -0.555555
-0.817347 0 0.576098
0.197066 0.390413
-1 0.375 -0.333333
-0.743294 0 0.668965
0.233318 0.44649
-1 0.1 -0.333333
-0.743294 -0 0.668965
0.233318 0.502566
-1.2 0.375 -0.555555
-0.817347 0 0.576098
0.197066 0.44649
-1.2 0.1 -0.555555
-0.817347 0 0.576098
0.197066 0.502566
-1 0.65 0.333334
-1 0 0
0.342072 0.390413
-1 1.2 -0.333333
-1 0 0
0.233318 0.27826
-1 1.2 0.333334
-1 0 0
0.342072 0.27826
-1 0.65 -0.333333
-1 0 0
0.233318 0.390413
-1 0.375 -0.333333
-1 0 0
0.233318 0.44649
-1 0.375 0.333334
-1 0 0
0.342072 0.44649
-1 0.1 0.333334
-1 0 0
0.342072 0.502566
-1 0.1 -0.333333
-1 0 0
0.233318 0.502566
1 1.2 0.333333
1 0 0
0.342072 0.27826
1 0.65 0.333333
1 0 0
0.342072 0.390413
1 1.2 0.555555
1 0 0
0.378324 0.27826
1 0.65 0.555555
1 0 0
0.378324 0.390413
1 0.375 0.333333
1 0 0
0.481833 0.410478
1 0.1 0.333333
1 0 0
0.481833 0.466683
1 0.375 0.555555
1 0 0
0.518167 0.410478
1 0.1 0.555555
1 0 0
0.518167 0.466683
1 0.65 -0.333334
1 0 0
0.233318 0.390413
1 1.2 -0.333334
1 0 0
0.233318 0.27826
1 0.375 0.333333
1 0 0
0.342072 0.44649
1 0.375 -0.333334
1 0 0
0.233318 0.44649
1 0.1 -0.333334
1 0 0
0.233318 0.502566
1 0.1 0.333333
1 0 0
0.342072 0.502566
1.2 1.2 -0.555556
0.837123 0.465224 0.287606
0.197066 0.27826
1.2 0.65 -0.555556
0.817347 0 0.576098
0.197066 0.390413
1 1.2 -0.333334
0.536571 0 0.843855
0.233318 0.27826
1 0.65 -0.333334
0.743294 0 0.668965
0.233318 0.390413
1.2 0.1 -0.555556
0.817347 0 0.576098
0.197066 0.502566
1 0.375 -0.333334
0.743294 0 0.668965
0.233318 0.44649
1.2 0.375 -0.555556
0.817347 0 0.576098
0.197066 0.44649
1 0.1 -0.333334
0.743294 0 0.668965
0.233318 0.502566
1.32 1.2 -0.777779
0.945097 0.240333 0.22129
0.160814 0.27826
1.32 0.65 -0.777779
0.999542 0 0.029542
0.160814 0.390413
1.32 0.375 -0.777779
0.999542 0 0.029542
0.160814 0.44649
1.32 0.1 -0.777779
0.999542 0 0.029542
0.160814 0.502566
-1.32 0.65 -0.777778
-0.999542 0 0.029542
0.160815 0.390413
-1.21 1.2 -1.01389
-0.706259 0.148198 -0.692221
0.122297 0.27826
-1.32 1.2 -0.777778
-0.945097 0.240333 0.22129
0.160815 0.27826
-1.21 0.65 -1.01389
-0.835658 0 -0.549242
0.122297 0.390413
-1.32 0.1 -0.777778
-0.999542 0 0.029542
0.160815 0.502566
-1.21 0.375 -1.01389
-0.835658 0 -0.549242
0.122297 0.44649
-1.32 0.375 -0.777778
-0.999542 0 0.029542
0.160815 0.44649
-1.21 0.1 -1.01389
-0.835658 0 -0.549242
0.122297 0.502566
-1 1.2 0.555556
-1 0 0
0.378324 0.27826
-1 0.65 0.555556
-1 0 0
0.378324 0.390413
-1 0.1 0.555556
-1 0 0
0.518167 0.466683
-1 0.375 0.333334
-1 0 0
0.481833 0.410478
-1 0.375 0.555556
-1 0 0
0.518167 0.410478
-1 0.1 0.333334
-1 0 0
0.481833 0.466683
-1 0.375 0.555556
-1 0 0
0.378324 0.44649
-1 0.1 0.555556
-1 0 0
0.378324 0.502566
1 1.2 0.777778
1 0 0
0.414575 0.27826
1 0.65 0.777778
1 0 0
0.414575 0.390413
1 1.2 1
1 0 0
0.450827 0.27826
1 0.65 1
1 0 0
0.450827 0.390413
1 0.375 0.777778
1 0 0
0.414575 0.44649
1 0.1 0.777778
1 0 0
0.414575 0.502566
1 0.375 1
1 0 0
0.450827 0.44649
1 0.1 1
1 0 0
0.450827 0.502566
1 0.375 0.555555
1 0 0
0.378324 0.44649
1 0.1 0.555555
1 0 0
0.378324 0.502566
-0.6 0.65 1
0 0 1
0.225919 0.397445
-0.8 1.2 1
0 0 1
0.194322 0.288831
-0.6 1.2 1
0 0 1
0.225919 0.288831
-0.8 0.65 1
0 0 1
0.194322 0.397445
-0.6 0.1 1
0 0 1
0.225919 0.506059
-0.8 0.375 1
0 0 1
0.194322 0.451752
-0.6 0.375 1
0 0 1
0.225919 0.451752
-0.8 0.1 1
0 0 1
0.194322 0.506059
-0.2 1.2 1
0 0 1
0.289113 0.288831
-0.2 0.65 1
0 0 1
0.289113 0.397445
0.2 1.2 1
0 0 1
0.352306 0.288831
0.2 0.65 1
0 0 1
0.352306 0.397445
0.6 0.65 1
0 0 1
0.4155 0.397445
0.6 1.2 1
0 0 1
0.4155 0.288831
0.6 1.2 -1
0.096524 0.691756 -0.715651
0.418461 0.27823
0.6 0.65 -1
-0.780869 0 -0.624695
0.418461 0.390237
0.8 1.2 -1.25
-0.556383 0.13419 -0.820002
0.451045 0.27823
0.8 0.65 -1.25
-0.43318 0 -0.901303
0.451045 0.390237
0.6 0.375 -1
-0.780869 0 -0.624695
0.418461 0.446241
0.6 0.1 -1
-0.780869 0 -0.624695
0.418461 0.502245
0.8 0.375 -1.25
-0.43318 0 -0.901303
0.451045 0.446241
0.8 0.1 -1.25
-0.43318 0 -0.901303
0.451045 0.502245
0.2 1.2 -1
0 0 -1
0.353293 0.27823
0.2 0.65 -1
0 0 -1
0.353293 0.390237
0.6 1.2 -1
0 0 -1
0.418461 0.27823
0.6 0.65 -1
0 0 -1
0.418461 0.390237
-0.2 1.2 -1
0 0 -1
0.288125 0.27823
-0.2 0.65 -1
0 0 -1
0.288125 0.390237
-0.6 0.65 -1
0 0 -1
0.222957 0.390237
-0.6 1.2 -1
0 0 -1
0.222957 0.27823
0.8 1.2 1
0 0 1
0.447096 0.288831
0.8 0.65 1
0 0 1
0.447096 0.397445
0.8 0.375 1
0 0 1
0.447096 0.451752
0.8 0.1 1
0 0 1
0.447096 0.506059
0.6 0.375 1
0 0 1
0.4155 0.451752
0.6 0.1 1
0 0 1
0.4155 0.506059
0.9 1.2 -1.25
0.253639 0.20365 -0.945585
0.467337 0.27823
0.9 0.65 -1.25
0 0 -1
0.467337 0.390237
0.9 0.375 -1.25
0 0 -1
0.467337 0.446241
0.9 0.1 -1.25
0 0 -1
0.467337 0.502245
-0.8 1.2 -1.25
0.556383 0.13419 -0.820002
0.190373 0.27823
-0.8 0.65 -1.25
0.43318 0 -0.901303
0.190373 0.390237
-0.6 1.2 -1
-0.096524 0.691756 -0.715651
0.222957 0.27823
-0.6 0.65 -1
0.780869 0 -0.624695
0.222957 0.390237
-0.8 0.375 -1.25
0.43318 0 -0.901303
0.190373 0.446241
-0.8 0.1 -1.25
0.43318 0 -0.901303
0.190373 0.502245
-0.6 0.375 -1
0.780869 0 -0.624695
0.222957 0.446241
-0.6 0.1 -1
0.780869 0 -0.624695
0.222957 0.502245
-0.9 1.2 1
0 0 1
0.178524 0.288831
-0.9 0.65 1
0 0 1
0.178524 0.397445
-0.9 0.375 1
0 0 1
0.178524 0.451752
-0.9 0.1 1
0 0 1
0.178524 0.506059
1 0.65 0.333333
1 0 0
0.481833 0.354273
1 0.65 0.555555
1 0 0
0.518167 0.354273
-1 0.65 0.555556
-1 0 0
0.518167 0.354273
-1 0.65 0.333334
-1 0 0
0.481833 0.354273
-0.32 0.575 1
0 0 1
0.270154 0.412256
0.32 0.575 1
0 0 1
0.371264 0.412256
0.32 0.575 -1
0 0 -1
0.372844 0.405511
0.6 0.375 -1
0 0 -1
0.418461 0.446241
-0.6 0.375 -1
0 0 -1
0.222957 0.446241
-0.32 0.575 -1
0 0 -1
0.268575 0.405511
-0.32 0.575 -1
0.566529 -0.824042 0
0.062348 0.422528
-0.32 0.575 1
0.566529 -0.824042 0
0.570391 0.422528
-0.2 0.65 -1
0.566529 -0.824042 0
0.062348 0.45301
-0.6 0.375 -1
0.566529 -0.824042 0
0.062348 0.351402
-0.6 0.375 1
0.566529 -0.824042 0
0.570391 0.351402
-0.2 0.65 1
0.566529 -0.824042 0
0.570391 0.45301
0.6 0.375 -1
-0.566529 -0.824042 -0
0.062348 0.656228
0.32 0.575 1
-0.566529 -0.824042 -0
0.570391 0.585102
0.6 0.375 1
-0.566529 -0.824042 -0
0.570391 0.656228
0.2 0.65 -1
-0.566529 -0.824042 -0
0.062348 0.554619
0.2 0.65 1
-0.566529 -0.824042 -0
0.570391 0.554619
0.32 0.575 -1
-0.566529 -0.824042 -0
0.062348 0.585102
0.6 -0.45 -1
-1 0 0
0.124563 0.61472
0.6 -1 1
-1 0 0
0.450827 0.726873
0.6 -1 -1
-1 0 0
0.124563 0.726873
0.6 -0.45 1
-1 0 0
0.450827 0.61472
0.6 0.1 -1
-1 0 0
0.124563 0.502566
0.6 0.1 1
-1 0 0
0.450827 0.502566
0.6 0.375 -1
-1 0 0
0.124563 0.44649
0.6 0.375 1
-1 0 0
0.450827 0.44649
-0.6 0.375 1
1 0 0
0.450827 0.44649
-0.6 0.375 -1
1 0 0
0.124563 0.44649
-0.6 0.1 -1
1 0 0
0.124563 0.502566
-0.6 -0.45 1
1 0 0
0.450827 0.61472
-0.6 -0.45 -1
1 0 0
0.124563 0.61472
-0.6 -1 1
1 0 0
0.450827 0.726873
-0.6 0.1 1
1 0 0
0.450827 0.502566
-0.6 -1 -1
1 0 0
0.124563 0.726873
-0.2 0.65 -1
0 -1 0
0.062348 0.45301
0.2 0.65 1
0 -1 0
0.570391 0.554619
0.2 0.65 -1
0 -1 0
0.062348 0.554619
-0.2 0.65 1
0 -1 0
0.570391 0.45301
1.21 -0.45 -1.01389
0.835658 0 -0.549242
0.122297 0.61472
1.21 -1 -1.01389
0.835662 -0 -0.549244
0.122297 0.726873
-1.21 -0.45 -1.01389
-0.835658 0 -0.549242
0.123576 0.614252
-1.21 -1 -1.01389
-0.835662 0 -0.549244
0.123576 0.726259
1 -1 -1.25
0 -1 0
0.16903 0.617872
0.9 -1 -1.25
0 -1 0
0.16903 0.606084
-1 1.2 -1.25
-0.319498 0.625477 -0.711783
0.16903 0.382128
-1.005 1.2 -1.01389
-0.43479 0.602604 -0.669198
0.196861 0.381539
-1.21 1.2 -1.01389
-0.706259 0.148198 -0.692221
0.196861 0.357375
-0.9 1.2 -1.25
-0.253639 0.20365 -0.945585
0.16903 0.393915
-0.6 -1 -1
0 -1 0
0.198498 0.429277
-0.8 -1 -1.25
0 -1 0
0.16903 0.405703
0.8 1.2 -1.01389
-0.510464 0.691993 0.510464
0.196861 0.594297
0.6 1.2 -1
0.096524 0.691756 -0.715651
0.198498 0.570723
0.8 1.2 -1.25
-0.556383 0.13419 -0.820002
0.16903 0.594297
0.6 1.2 -0.888889
0.643459 0.414635 0.643459
0.211595 0.570723
0.2 1.3 -0.888889
-0.577349 0.577349 0.577349
0.352306 0.269083
0.6 1.3 -0.888889
0.577349 0.577349 0.577349
0.4155 0.269083
0.6 1.2 -0.888889
0.643459 0.414635 0.643459
0.4155 0.288831
0.2 1.2 -0.888889
-0.707107 0 0.707107
0.352306 0.288831
0.2 1.2 -1
0 1 0
0.198498 0.523574
-0.2 1.2 -1
0 1 0
0.198498 0.476426
1 1.3 0.333333
0.577349 0.577349 -0.577349
0.478693 0.269083
0.9 1.3 0.333333
-0.577349 0.577349 -0.577349
0.462895 0.269083
0.9 1.2 0.333333
-0.707107 0 -0.707107
0.462895 0.288831
1 1.2 0.333333
0.707107 0 -0.707107
0.478693 0.288831
0.6 -1 -1
0 -1 0
0.198498 0.570723
0.8 -1 -1.25
0 -1 0
0.16903 0.594297
0.2 1.3 0.777778
0.577349 0.577349 -0.577349
0.352306 0.269083
-0.2 1.3 0.777778
-0.577349 0.577349 -0.577349
0.289113 0.269083
-0.2 1.2 0.777778
-0.707107 0 -0.707107
0.289113 0.288831
0.2 1.2 0.777778
0.707107 0 -0.707107
0.352306 0.288831
-0.8 1.2 -1.01389
0.510463 0.691993 0.510464
0.196861 0.405703
-0.6 1.2 -1
-0.096524 0.691756 -0.715651
0.198498 0.429277
-0.6 1.2 -0.888889
-0.643459 0.414635 0.643458
0.211595 0.429277
-0.8 1.2 -1.25
0.556383 0.13419 -0.820002
0.16903 0.405703
-0.9 -1 -1.25
0 -1 0
0.16903 0.393915
1.21 1.2 -1.01389
0.706259 0.148198 -0.692221
0.122297 0.27826
1.21 0.65 -1.01389
0.835658 0 -0.549242
0.122297 0.390413
1.21 0.375 -1.01389
0.835658 0 -0.549242
0.122297 0.44649
1.21 0.1 -1.01389
0.835658 0 -0.549242
0.122297 0.502566
-1.21 0.65 -1.01389
-0.835658 0 -0.549242
0.123576 0.390237
-1.21 1.2 -1.01389
-0.706259 0.148198 -0.692221
0.123576 0.27823
-1.21 0.1 -1.01389
-0.835658 0 -0.549242
0.123576 0.502245
-1.21 0.375 -1.01389
-0.835658 0 -0.549242
0.123576 0.446241
-0.9 1.2 1
0 1 0
0.434241 0.393915
-0.8 1.2 1
0 1 0
0.434241 0.405703
-1 1.2 -0.555555
0 1 0
0.250886 0.382128
-1.005 1.2 -1.01389
0 1 0
0.196861 0.381539
-1.06 1.2 -0.777779
0 1 0
0.224692 0.375056
-1 -0.45 1
0 0 1
0.162725 0.614673
-1 -1 1
0 0 1
0.162725 0.723287
-1 -1 0.777778
0 -1 0
0.408048 0.382128
-1 -1 1
0 -1 0
0.434241 0.382128
-1 -1 -0.333334
0 -1 0
0.277079 0.382128
-1.2 -1 -0.555556
0 -1 0
0.250885 0.358554
-1 -1 0.333333
0 -1 0
0.35566 0.382128
-1.21 -1 -1.01389
0 -1 0
0.196861 0.357375
-1.32 -1 -0.777779
0 -1 0
0.224692 0.344409
-1 -1 0.555555
0 -1 0
0.381854 0.382128
-1 1.2 1
0 0 1
0.162725 0.288831
-1 0.65 1
0 0 1
0.162725 0.397445
-1 0.375 1
0 0 1
0.162725 0.451752
-1 0.1 1
0 0 1
0.162725 0.506059
1.005 1.3 -1.01389
0.695594 0.558479 0.45194
0.122297 0.257868
0.9 1.3 -1.25
0.434767 0.602588 -0.669179
0.08378 0.257868
0.9 1.2 -1.25
0.253639 0.20365 -0.945585
0.08378 0.27826
1.005 1.2 -1.01389
0.43479 0.602604 -0.669198
0.122297 0.27826
-1 -1 -1.25
0 -1 0
0.16903 0.382128
-0.2 1.3 -1
0.577349 0.577349 -0.577349
0.289113 0.269083
-0.6 1.3 -1
-0.577349 0.577349 -0.577349
0.225919 0.269083
-0.6 1.2 -1
-0.096524 0.691756 -0.715651
0.225919 0.288831
-0.2 1.2 -1
0.707107 0 -0.707107
0.289113 0.288831
1 1.3 -0.555556
-0.43318 0.602893 -0.669942
0.197066 0.257868
0.9 1.3 -0.333334
-0.696677 0.558306 0.450453
0.233318 0.257868
0.9 1.2 -0.333334
-0.839751 0 0.542971
0.233318 0.27826
1 1.2 -0.555556
-0.48653 0.443952 -0.75246
0.197066 0.27826
1 1.2 -0.333334
0 1 0
0.277079 0.617872
1 1.2 0.333333
0 1 0
0.35566 0.617872
0.2 1.3 -1
-0.577349 0.577349 -0.577349
0.124563 0.257868
0.2 1.3 -0.888889
-0.577349 0.577349 0.577349
0.142689 0.257868
0.2 1.2 -0.888889
-0.707107 0 0.707107
0.142689 0.27826
0.2 1.2 -1
-0.707107 0 -0.707107
0.124563 0.27826
1.06 1.2 -0.777779
-0.498454 0.597722 0.62791
0.224692 0.624944
1.2 1.2 -0.555556
0.837123 0.465224 0.287606
0.250885 0.641446
1 1.2 -0.555556
-0.48653 0.443952 -0.75246
0.250885 0.617872
1.32 1.2 -0.777779
0.945097 0.240333 0.22129
0.224692 0.655591
1 1.3 1
0.577349 0.577349 0.577349
0.450827 0.257868
1 1.3 0.777778
0.577349 0.577349 -0.577349
0.414575 0.257868
1 1.2 0.777778
0.707107 0 -0.707107
0.414575 0.27826
1 1.2 1
0.707107 0 0.707107
0.450827 0.27826
1 1.2 0.555555
0 1 0
0.381854 0.617872
1 1.2 0.777778
0 1 0
0.408048 0.617872
1.21 1.2 -1.01389
0.706259 0.148198 -0.692221
0.196861 0.642625
1.005 1.2 -1.01389
0.43479 0.602604 -0.669198
0.196861 0.618461
1 1.2 -1.25
0.319498 0.625477 -0.711783
0.16903 0.617872
0.9 1.2 -1.25
0.253639 0.20365 -0.945585
0.16903 0.606084
-1 1.3 1
-0.577349 0.577349 0.577349
0.434241 0.382128
-0.9 1.3 0.777778
0.577319 0.577349 -0.577349
0.408048 0.393915
-0.9 1.3 1
0.577349 0.577349 0.577349
0.434241 0.393915
-1 1.3 0.777778
-0.577349 0.577349 -0.577319
0.408048 0.382128
-1 1.3 -0.333333
-0.31724 0.625965 0.712363
0.277079 0.382128
-1 1.3 -0.555555
0.43318 0.602893 -0.669942
0.250886 0.382128
-0.9 1.3 -0.333334
0.696677 0.558306 0.450453
0.277079 0.393915
-1.2 1.3 -0.555555
-0.763939 0.548296 -0.34022
0.250886 0.358554
-1.21 1.3 -1.01389
-0.428388 0.603778 -0.672201
0.196861 0.357375
-1.06 1.3 -0.777779
0.501816 0.59032 0.63216
0.224692 0.375056
-1.32 1.3 -0.777778
-0.699881 0.557817 0.446059
0.224692 0.344409
-1.005 1.3 -1.01389
0.64555 0.566261 -0.512458
0.196861 0.381539
-0.9 1.3 0.555555
0.577349 0.577349 0.577319
0.381854 0.393915
-1 1.3 0.333334
-0.577349 0.577349 -0.577349
0.35566 0.382128
-0.9 1.3 0.333334
0.577349 0.577349 -0.577349
0.35566 0.393915
-1 1.3 0.555556
-0.577319 0.577349 0.577349
0.381854 0.382128
0.6 1.3 1
-0.577349 0.577349 0.577349
0.434241 0.570723
0.8 1.3 0.777778
0.577349 0.577349 -0.577349
0.408048 0.594297
0.8 1.3 1
0.577349 0.577349 0.577349
0.434241 0.594297
0.6 1.3 0.777778
-0.577349 0.577349 -0.577349
0.408048 0.570723
-0.2 1.3 1
-0.577349 0.577349 0.577349
0.434241 0.476426
0.2 1.3 0.777778
0.577349 0.577349 -0.577349
0.408048 0.523574
0.2 1.3 1
0.577349 0.577349 0.577349
0.434241 0.523574
-0.2 1.3 0.777778
-0.577349 0.577349 -0.577349
0.408048 0.476426
-0.8 1.3 1
-0.577349 0.577349 0.577349
0.434241 0.405703
-0.6 1.3 0.777778
0.577349 0.577349 -0.577349
0.408048 0.429277
-0.6 1.3 1
0.577349 0.577349 0.577349
0.434241 0.429277
-0.8 1.3 0.777778
-0.577349 0.577349 -0.577349
0.408048 0.405703
0.2 1.3 -0.888889
-0.577349 0.577349 0.577349
0.211595 0.523574
0.6 1.3 -1
0.577349 0.577349 -0.577349
0.198498 0.570723
0.6 1.3 -0.888889
0.577349 0.577349 0.577349
0.211595 0.570723
0.2 1.3 -1
-0.577349 0.577349 -0.577349
0.198498 0.523574
-0.6 1.3 -0.888889
-0.577349 0.577349 0.577349
0.211595 0.429277
-0.2 1.3 -1
0.577349 0.577349 -0.577349
0.198498 0.476426
-0.2 1.3 -0.888889
0.577349 0.577349 0.577349
0.211595 0.476426
-0.6 1.3 -1
-0.577349 0.577349 -0.577349
0.198498 0.429277
0.8 1.3 -1.01389
-0.577349 0.577349 0.577349
0.196861 0.594297
0.9 1.3 -1.25
0.434767 0.602588 -0.669179
0.16903 0.606084
1.005 1.3 -1.01389
0.695594 0.558479 0.45194
0.196861 0.618461
0.8 1.3 -1.25
-0.577349 0.577349 -0.577349
0.16903 0.594297
-0.8 1.3 -1.01389
0.577349 0.577349 0.577349
0.196861 0.405703
-0.9 1.3 -1.25
-0.434767 0.602588 -0.669179
0.16903 0.393915
-0.8 1.3 -1.25
0.577349 0.577349 -0.577349
0.16903 0.405703
-1.005 1.3 -1.01389
-0.695594 0.558479 0.45194
0.196861 0.381539
0.9 1.3 1
-0.577349 0.577349 0.577349
0.434241 0.606084
1 1.3 0.777778
0.577349 0.577349 -0.577349
0.408048 0.617872
1 1.3 1
0.577349 0.577349 0.577349
0.434241 0.617872
0.9 1.3 0.777778
-0.577349 0.577349 -0.577349
0.408048 0.606084
1 1.3 -0.555556
-0.43318 0.602893 -0.669942
0.250885 0.617872
1 1.3 -0.333334
0.31724 0.625965 0.712363
0.277079 0.617872
0.9 1.3 -0.333334
-0.696677 0.558306 0.450453
0.277079 0.606084
1.2 1.3 -0.555556
0.763939 0.548296 -0.34022
0.250885 0.641446
1.06 1.3 -0.777779
-0.501816 0.59032 0.63216
0.224692 0.624944
1.21 1.3 -1.01389
0.428388 0.603778 -0.672201
0.196861 0.642625
1.32 1.3 -0.777779
0.699881 0.557817 0.446059
0.224692 0.655591
1.005 1.3 -1.01389
-0.645551 0.566261 -0.512458
0.196861 0.618461
0.9 1.3 0.555555
-0.577349 0.577349 0.577349
0.381854 0.606084
1 1.3 0.333333
0.577349 0.577349 -0.577349
0.35566 0.617872
1 1.3 0.555555
0.577349 0.577349 0.577349
0.381854 0.617872
0.9 1.3 0.333333
-0.577349 0.577349 -0.577349
0.35566 0.606084
-0.8 1.3 -1.25
0.577349 0.577349 -0.577349
0.194322 0.269083
-0.9 1.3 -1.25
-0.434767 0.602588 -0.669179
0.178524 0.269083
-0.9 1.2 -1.25
-0.253639 0.20365 -0.945585
0.178524 0.288831
-0.8 1.2 -1.25
0.556383 0.13419 -0.820002
0.194322 0.288831
0.9 1.3 0.555555
-0.577349 0.577349 0.577349
0.462895 0.269083
1 1.3 0.555555
0.577349 0.577349 0.577349
0.478693 0.269083
1 1.2 0.555555
0.707107 0 0.707107
0.478693 0.288831
0.9 1.2 0.555555
-0.707107 0 0.707107
0.462895 0.288831
1.005 1.3 -1.01389
-0.645551 0.566261 -0.512458
0.122297 0.257868
1.06 1.3 -0.777779
-0.501816 0.59032 0.63216
0.160814 0.257868
1.06 1.2 -0.777779
-0.498454 0.597722 0.62791
0.160814 0.27826
1.005 1.2 -1.01389
-0.973926 0 0.226868
0.122297 0.27826
0.2 1.3 1
0.577349 0.577349 0.577349
0.450827 0.257868
0.2 1.3 0.777778
0.577349 0.577349 -0.577349
0.414575 0.257868
0.2 1.2 0.777778
0.707107 0 -0.707107
0.414575 0.27826
0.2 1.2 1
0.707107 0 0.707107
0.450827 0.27826
-1 1.3 -0.333333
-0.31724 0.625965 0.712363
0.162725 0.269083
-0.9 1.3 -0.333334
0.696677 0.558306 0.450453
0.178524 0.269083
-0.9 1.2 -0.333334
0.839754 0 0.542966
0.178524 0.288831
-1 1.2 -0.333333
-0.536569 0 0.843857
0.162725 0.288831
0.8 1.3 -1.25
-0.577349 0.577349 -0.577349
0.08378 0.257868
0.8 1.3 -1.01389
-0.577349 0.577349 0.577349
0.122297 0.257868
0.8 1.2 -1.01389
-0.510464 0.691993 0.510464
0.122297 0.27826
0.8 1.2 -1.25
-0.556383 0.13419 -0.820002
0.08378 0.27826
0.9 1.3 -1.25
0.434767 0.602588 -0.669179
0.462895 0.269083
0.8 1.3 -1.25
-0.577349 0.577349 -0.577349
0.447096 0.269083
0.8 1.2 -1.25
-0.556383 0.13419 -0.820002
0.447096 0.288831
0.9 1.2 -1.25
0.253639 0.20365 -0.945585
0.462895 0.288831
-0.6 1.3 -0.888889
-0.577349 0.577349 0.577349
0.225919 0.269083
-0.2 1.3 -0.888889
0.577349 0.577349 0.577349
0.289113 0.269083
-0.2 1.2 -0.888889
0.707107 0 0.707107
0.289113 0.288831
-0.6 1.2 -0.888889
-0.643459 0.414635 0.643458
0.225919 0.288831
-1.005 1.3 -1.01389
-0.695594 0.558479 0.45194
0.161935 0.269083
-0.8 1.3 -1.01389
0.577349 0.577349 0.577349
0.194322 0.269083
-0.8 1.2 -1.01389
0.510463 0.691993 0.510464
0.194322 0.288831
-1.005 1.2 -1.01389
0 0 1
0.161935 0.288831
0.9 1.3 1
-0.577349 0.577349 0.577349
0.462895 0.269083
1 1.3 1
0.577349 0.577349 0.577349
0.478693 0.269083
1 1.2 1
0.707107 0 0.707107
0.478693 0.288831
0.9 1.2 1
-0.707107 0 0.707107
0.462895 0.288831
-1 1.3 0.555556
-0.577319 0.577349 0.577349
0.162725 0.269083
-0.9 1.3 0.555555
0.577349 0.577349 0.577319
0.178524 0.269083
-0.9 1.2 0.555555
0.70711 0 0.707103
0.178524 0.288831
-1 1.2 0.555556
-0.707103 0 0.70711
0.162725 0.288831
-0.2 1.3 0.777778
-0.577349 0.577349 -0.577349
0.414575 0.257868
-0.2 1.3 1
-0.577349 0.577349 0.577349
0.450827 0.257868
-0.2 1.2 1
-0.707107 0 0.707107
0.450827 0.27826
-0.2 1.2 0.777778
-0.707107 0 -0.707107
0.414575 0.27826
1.2 1.3 -0.555556
0.763939 0.548296 -0.34022
0.51029 0.269083
1 1.3 -0.555556
-0.43318 0.602893 -0.669942
0.478693 0.269083
1 1.2 -0.555556
-0.48653 0.443952 -0.75246
0.478693 0.288831
1.2 1.2 -0.555556
0.837123 0.465224 0.287606
0.51029 0.288831
1.32 1.3 -0.777779
0.699881 0.557817 0.446059
0.160814 0.257868
1.21 1.3 -1.01389
0.428388 0.603778 -0.672201
0.122297 0.257868
-0.9 1.3 0.555555
0.577349 0.577349 0.577319
0.378324 0.257868
-0.9 1.3 0.333334
0.577349 0.577349 -0.577349
0.342072 0.257868
-0.9 1.2 0.333334
0.707107 0 -0.707107
0.342072 0.27826
-0.9 1.2 0.555555
0.70711 0 0.707103
0.378324 0.27826
-0.9 1.3 0.333334
0.577349 0.577349 -0.577349
0.178524 0.269083
-1 1.3 0.333334
-0.577349 0.577349 -0.577349
0.162725 0.269083
-1 1.2 0.333334
-0.707107 0 -0.707107
0.162725 0.288831
-0.9 1.2 0.333334
0.707107 0 -0.707107
0.178524 0.288831
-1.32 1.3 -0.777778
-0.699881 0.557817 0.446059
0.11217 0.269083
-1.06 1.3 -0.777779
0.501816 0.59032 0.63216
0.153246 0.269083
-1.06 1.2 -0.777779
0.498456 0.597721 0.62791
0.153246 0.288831
-1.32 1.2 -0.777778
-0.945097 0.240333 0.22129
0.11217 0.288831
1.21 1.3 -1.01389
0.428388 0.603778 -0.672201
0.51187 0.269083
1.005 1.3 -1.01389
-0.645551 0.566261 -0.512458
0.479483 0.269083
1.005 1.2 -1.01389
0.43479 0.602604 -0.669198
0.479483 0.288831
1.21 1.2 -1.01389
0.706259 0.148198 -0.692221
0.51187 0.288831
-0.9 1.3 0.777778
0.577319 0.577349 -0.577349
0.178524 0.269083
-1 1.3 0.777778
-0.577349 0.577349 -0.577319
0.162725 0.269083
-1 1.2 0.777778
-0.707108 0 -0.707105
0.162725 0.288831
-0.9 1.2 0.777778
0.707105 0 -0.707108
0.178524 0.288831
0.9 1.3 0.333333
-0.577349 0.577349 -0.577349
0.342072 0.257868
0.9 1.3 0.555555
-0.577349 0.577349 0.577349
0.378324 0.257868
0.9 1.2 0.555555
-0.707107 0 0.707107
0.378324 0.27826
0.9 1.2 0.333333
-0.707107 0 -0.707107
0.342072 0.27826
0.6 1.3 1
-0.577349 0.577349 0.577349
0.4155 0.269083
0.8 1.3 1
0.577349 0.577349 0.577349
0.447096 0.269083
0.8 1.2 1
0.707107 0 0.707107
0.447096 0.288831
0.6 1.2 1
-0.707107 0 0.707107
0.4155 0.288831
0.9 1.3 -0.333334
-0.696677 0.558306 0.450453
0.462895 0.269083
1 1.3 -0.333334
0.31724 0.625965 0.712363
0.478693 0.269083
1 1.2 -0.333334
0.536571 0 0.843855
0.478693 0.288831
0.9 1.2 -0.333334
-0.839751 0 0.542971
0.462895 0.288831
-0.6 1.3 1
0.577349 0.577349 0.577349
0.450827 0.257868
-0.6 1.3 0.777778
0.577349 0.577349 -0.577349
0.414575 0.257868
-0.6 1.2 0.777778
0.707107 0 -0.707107
0.414575 0.27826
-0.6 1.2 1
0.707107 0 0.707107
0.450827 0.27826
1 1.3 0.555555
0.577349 0.577349 0.577349
0.378324 0.257868
1 1.3 0.333333
0.577349 0.577349 -0.577349
0.342072 0.257868
1 1.2 0.333333
0.707107 0 -0.707107
0.342072 0.27826
1 1.2 0.555555
0.707107 0 0.707107
0.378324 0.27826
-1.21 1.3 -1.01389
-0.428388 0.603778 -0.672201
0.122297 0.257868
-1.32 1.3 -0.777778
-0.699881 0.557817 0.446059
0.160815 0.257868
0.8 1.3 0.777778
0.577349 0.577349 -0.577349
0.447096 0.269083
0.6 1.3 0.777778
-0.577349 0.577349 -0.577349
0.4155 0.269083
0.6 1.2 0.777778
-0.707107 0 -0.707107
0.4155 0.288831
0.8 1.2 0.777778
0.707107 0 -0.707107
0.447096 0.288831
-0.8 1.3 -1.01389
0.577349 0.577349 0.577349
0.122297 0.257868
-0.8 1.3 -1.25
0.577349 0.577349 -0.577349
0.08378 0.257868
-0.8 1.2 -1.25
0.556383 0.13419 -0.820002
0.08378 0.27826
-0.8 1.2 -1.01389
0.510463 0.691993 0.510464
0.122297 0.27826
-1 1.3 -0.555555
0.43318 0.602893 -0.669942
0.162725 0.269083
-1.2 1.3 -0.555555
-0.763939 0.548296 -0.34022
0.131129 0.269083
-1.2 1.2 -0.555555
-0.837123 0.465224 0.287606
0.131129 0.288831
-1 1.2 -0.555555
0.486529 0.443952 -0.75246
0.162725 0.288831
0.8 1.3 -1.01389
-0.577349 0.577349 0.577349
0.447096 0.269083
1.005 1.3 -1.01389
0.695594 0.558479 0.45194
0.479483 0.269083
1.005 1.2 -1.01389
0 0 1
0.479483 0.288831
0.8 1.2 -1.01389
-0.510464 0.691993 0.510464
0.447096 0.288831
-1.005 1.3 -1.01389
0.64555 0.566261 -0.512458
0.161935 0.269083
-1.21 1.3 -1.01389
-0.428388 0.603778 -0.672201
0.129549 0.269083
-1.21 1.2 -1.01389
-0.706259 0.148198 -0.692221
0.129549 0.288831
-1.005 1.2 -1.01389
-0.43479 0.602604 -0.669198
0.161935 0.288831
0.6 1.3 -1
0.577349 0.577349 -0.577349
0.4155 0.269083
0.2 1.3 -1
-0.577349 0.577349 -0.577349
0.352306 0.269083
0.2 1.2 -1
-0.707107 0 -0.707107
0.352306 0.288831
0.6 1.2 -1
0.096524 0.691756 -0.715651
0.4155 0.288831
-1 1.3 0.333334
-0.577349 0.577349 -0.577349
0.342072 0.257868
-1 1.3 0.555556
-0.577319 0.577349 0.577349
0.378324 0.257868
-1 1.2 0.555556
-0.707103 0 0.70711
0.378324 0.27826
-1 1.2 0.333334
-0.707107 0 -0.707107
0.342072 0.27826
-0.9 1.3 1
0.577349 0.577349 0.577349
0.450827 0.257868
-0.9 1.3 0.777778
0.577319 0.577349 -0.577349
0.414575 0.257868
-0.9 1.2 0.777778
0.707105 0 -0.707108
0.414575 0.27826
-0.9 1.2 1
0.707107 0 0.707107
0.450827 0.27826
1 1.3 0.777778
0.577349 0.577349 -0.577349
0.478693 0.269083
0.9 1.3 0.777778
-0.577349 0.577349 -0.577349
0.462895 0.269083
0.9 1.2 0.777778
-0.707107 0 -0.707107
0.462895 0.288831
1 1.2 0.777778
0.707107 0 -0.707107
0.478693 0.288831
-0.6 1.3 0.777778
0.577349 0.577349 -0.577349
0.225919 0.269083
-0.8 1.3 0.777778
-0.577349 0.577349 -0.577349
0.194322 0.269083
-0.8 1.2 0.777778
-0.707107 0 -0.707107
0.194322 0.288831
-0.6 1.2 0.777778
0.707107 0 -0.707107
0.225919 0.288831
0.6 1.3 -0.888889
0.577349 0.577349 0.577349
0.142689 0.257868
0.6 1.3 -1
0.577349 0.577349 -0.577349
0.124563 0.257868
0.6 1.2 -1
0.096524 0.691756 -0.715651
0.124563 0.27826
0.6 1.2 -0.888889
0.643459 0.414635 0.643459
0.142689 0.27826
0.9 1.2 1
-0.707107 0 0.707107
0.434241 0.606084
0.9 1.2 0.777778
-0.707107 0 -0.707107
0.408048 0.606084
-0.9 1.3 -1.25
-0.434767 0.602588 -0.669179
0.08378 0.257868
-1.005 1.3 -1.01389
-0.695594 0.558479 0.45194
0.122297 0.257868
-1.005 1.2 -1.01389
-0.43479 0.602604 -0.669198
0.122297 0.27826
-0.9 1.2 -1.25
-0.253639 0.20365 -0.945585
0.08378 0.27826
1 1.3 -0.333334
0.31724 0.625965 0.712363
0.233318 0.257868
1.2 1.3 -0.555556
0.763939 0.548296 -0.34022
0.197066 0.257868
-0.9 1.3 -0.333334
0.696677 0.558306 0.450453
0.233318 0.257868
-1 1.3 -0.555555
0.43318 0.602893 -0.669942
0.197066 0.257868
-1 1.2 -0.555555
0.486529 0.443952 -0.75246
0.197066 0.27826
-0.9 1.2 -0.333334
0.839754 0 0.542966
0.233318 0.27826
1.06 1.3 -0.777779
-0.501816 0.59032 0.63216
0.488172 0.269083
1.32 1.3 -0.777779
0.699881 0.557817 0.446059
0.529248 0.269083
1.32 1.2 -0.777779
0.945097 0.240333 0.22129
0.529248 0.288831
1.06 1.2 -0.777779
-0.498454 0.597722 0.62791
0.488172 0.288831
-1 1.3 1
-0.577349 0.577349 0.577349
0.162725 0.269083
-0.9 1.3 1
0.577349 0.577349 0.577349
0.178524 0.269083
-0.9 1.2 1
0.707107 0 0.707107
0.178524 0.288831
-1 1.2 1
-0.707107 0 0.707107
0.162725 0.288831
0.8 1.3 1
0.577349 0.577349 0.577349
0.450827 0.257868
0.8 1.3 0.777778
0.577349 0.577349 -0.577349
0.414575 0.257868
0.8 1.2 0.777778
0.707107 0 -0.707107
0.414575 0.27826
0.8 1.2 1
0.707107 0 0.707107
0.450827 0.27826
-0.8 1.3 1
-0.577349 0.577349 0.577349
0.194322 0.269083
-0.6 1.3 1
0.577349 0.577349 0.577349
0.225919 0.269083
-0.6 1.2 1
0.707107 0 0.707107
0.225919 0.288831
-0.8 1.2 1
-0.707107 0 0.707107
0.194322 0.288831
-1 1.3 0.777778
-0.577349 0.577349 -0.577319
0.414576 0.257868
-1 1.3 1
-0.577349 0.577349 0.577349
0.450827 0.257868
-1 1.2 1
-0.707107 0 0.707107
0.450827 0.27826
-1 1.2 0.777778
-0.707108 0 -0.707105
0.414576 0.27826
[ INDEX_DATA ]
0 2 1
0 3 2
4 6 5
4 7 6
8 10 9
8 11 10
12 14 13
15 13 14
16 18 17
19 21 20
15 22 13
22 23 13
20 12 24
20 14 12
19 20 24
24 25 19
24 26 25
27 12 13
12 27 17
17 27 16
28 30 29
31 33 32
34 36 35
36 37 29
38 39 34
40 38 34
35 40 34
35 41 40
42 36 29
36 42 32
32 42 31
28 29 37
30 43 29
34 37 36
44 46 45
44 47 46
48 50 49
49 51 48
52 54 53
54 55 53
56 58 57
58 59 57
60 62 61
62 63 61
64 66 65
66 64 67
68 70 69
68 71 70
72 74 73
74 75 73
76 78 77
78 79 77
80 82 81
82 83 81
84 86 85
86 87 85
88 90 89
90 88 91
88 93 92
92 91 88
94 96 95
94 97 96
98 100 99
99 101 98
102 104 103
104 105 103
106 102 107
102 103 107
108 110 109
110 111 109
75 74 108
108 109 75
112 114 113
113 115 112
115 89 112
112 89 90
116 118 117
116 119 118
120 122 121
121 123 120
124 126 125
126 127 125
51 49 128
128 129 51
93 131 130
130 92 93
131 65 66
66 130 131
132 134 133
132 135 134
136 138 137
137 139 136
140 142 141
142 143 141
144 140 145
140 141 145
146 148 147
147 149 146
150 152 151
151 153 150
154 156 155
155 156 157
158 160 159
158 161 160
162 164 163
163 165 162
166 168 167
166 169 168
170 172 171
171 173 170
174 176 175
175 176 177
178 177 176
177 178 179
180 182 181
181 183 180
184 180 183
183 185 184
186 184 185
185 187 186
186 187 188
188 189 186
190 191 182
182 180 190
192 190 180
180 184 192
193 192 184
184 186 193
193 186 189
189 194 193
195 197 196
196 198 195
197 174 196
196 174 175
199 201 200
200 202 199
203 202 200
200 204 203
205 203 204
204 206 205
207 205 206
206 208 207
183 181 199
199 202 183
185 183 202
202 203 185
187 185 203
203 205 187
187 205 207
207 188 187
178 209 179
179 209 210
209 154 210
210 154 155
211 212 191
191 190 211
213 211 190
190 192 213
214 213 192
192 193 214
214 193 194
194 215 214
163 216 212
212 211 163
165 163 211
211 213 165
171 165 213
213 214 171
173 171 214
214 215 173
217 219 218
219 220 218
221 223 222
222 223 224
225 227 226
226 227 228
229 228 227
228 229 230
231 233 232
232 233 234
233 225 234
234 225 226
229 235 230
230 235 236
235 221 236
236 221 222
151 237 153
237 238 153
239 241 240
240 216 239
181 182 242
242 243 181
191 244 242
242 182 191
199 246 245
245 201 199
199 181 243
243 246 199
212 247 244
244 191 212
216 240 247
247 212 216
248 250 249
249 251 248
252 254 253
252 255 254
256 189 188
188 257 256
258 194 189
189 256 258
259 207 208
259 208 260
257 188 207
207 259 257
261 215 194
194 258 261
262 173 215
215 261 262
147 263 149
263 264 149
157 265 155
265 157 266
175 177 267
267 268 175
179 267 177
267 179 269
198 196 270
270 196 271
196 175 268
268 271 196
210 269 179
269 210 272
155 272 210
272 155 265
273 275 274
274 276 273
277 279 278
278 280 277
277 280 50
280 49 50
281 283 282
282 284 281
285 287 286
287 288 286
286 288 52
288 54 52
289 291 290
291 292 290
293 295 294
295 296 294
294 296 56
296 58 56
297 299 298
298 300 297
301 303 302
303 304 302
302 304 60
304 62 60
168 169 305
169 306 305
307 309 308
309 310 308
308 310 72
310 74 72
311 313 312
312 314 311
315 317 316
315 318 317
317 318 76
318 78 76
319 321 320
321 322 320
323 325 324
325 326 324
324 326 80
326 82 80
327 328 319
319 320 327
329 331 330
329 332 331
331 332 84
332 86 84
333 335 334
335 336 334
337 339 338
338 340 337
337 340 102
340 104 102
341 333 342
333 334 342
343 339 344
339 337 344
344 337 106
337 102 106
345 347 346
346 348 345
349 351 350
350 352 349
108 349 352
352 110 108
169 347 306
347 345 306
309 351 310
351 349 310
310 349 74
349 108 74
353 313 354
313 311 354
355 357 356
356 358 355
355 358 124
358 126 124
274 353 276
353 354 276
278 359 280
359 360 280
280 360 49
360 128 49
361 363 362
363 364 362
365 367 366
367 368 366
366 368 140
368 142 140
321 361 322
361 362 322
369 365 370
365 366 370
370 366 144
366 140 144
371 373 372
372 374 371
375 377 376
376 378 375
375 378 148
378 147 148
379 373 380
373 371 380
381 379 382
379 380 382
383 384 381
381 382 383
385 387 386
387 388 386
389 391 390
391 392 390
152 390 392
392 151 152
393 395 394
395 396 394
397 393 398
393 394 398
399 400 397
397 398 399
401 384 402
384 383 402
403 405 404
405 406 404
404 406 217
406 219 217
387 407 388
407 408 388
391 409 392
409 410 392
392 410 151
410 237 151
411 413 412
413 414 412
415 417 416
417 418 416
416 418 250
418 249 250
372 419 374
419 420 374
376 421 378
421 422 378
378 422 147
422 263 147
279 273 276
276 278 279
281 284 285
284 287 285
290 292 293
292 295 293
297 300 301
300 303 301
305 306 307
306 309 307
314 316 311
314 315 316
423 424 323
424 325 323
320 330 327
320 329 330
334 336 339
336 338 339
342 334 343
334 339 343
351 345 348
348 350 351
306 345 309
345 351 309
425 426 357
426 356 357
276 354 278
354 359 278
362 364 365
364 367 365
322 362 369
362 365 369
371 374 377
374 376 377
427 380 371
377 427 371
383 428 405
382 428 383
386 388 389
388 391 389
429 394 396
430 429 396
399 432 431
398 432 399
402 383 403
383 405 403
388 408 391
408 409 391
415 412 414
414 417 415
374 420 376
420 421 376
433 435 434
434 437 436
435 438 434
436 433 434
439 441 440
442 440 443
440 444 439
442 444 440
445 447 446
446 448 445
449 445 450
451 449 452
450 452 449
445 448 450
453 455 454
456 458 457
459 456 455
453 459 455
457 455 456
458 460 457
461 463 462
462 464 461
465 106 466
106 107 466
467 60 468
60 61 468
114 470 469
469 113 114
471 473 472
472 474 471
475 195 198
198 476 475
477 479 478
478 480 477
481 483 482
481 484 483
206 204 485
485 486 206
487 489 488
487 490 489
232 491 231
492 231 491
493 495 494
493 496 495
497 499 498
500 497 498
198 501 476
501 198 270
502 341 503
341 342 503
504 343 505
343 344 505
505 344 465
344 106 465
506 507 299
299 297 506
508 509 301
301 302 508
467 508 302
302 60 467
503 342 504
342 343 504
509 506 297
297 301 509
63 62 250
250 248 63
510 511 262
262 136 510
100 256 257
257 512 100
98 258 256
256 100 98
259 260 513
513 514 259
512 257 259
259 514 512
138 261 258
258 98 138
136 262 261
261 138 136
264 263 515
515 516 264
266 517 265
517 266 518
519 520 268
268 267 519
269 519 267
519 269 521
270 271 522
522 271 523
520 523 271
271 268 520
272 521 269
521 272 524
265 524 272
524 265 517
298 411 300
411 412 300
303 415 304
415 416 304
62 304 416
416 250 62
420 419 525
525 526 420
421 527 422
527 528 422
263 422 528
528 515 263
300 412 303
412 415 303
420 526 421
526 527 421
529 531 530
529 532 531
270 533 501
533 270 522
55 54 217
217 218 55
67 221 66
221 67 223
91 225 90
225 91 227
92 227 91
227 92 229
233 231 114
114 112 233
112 90 233
233 90 225
130 229 92
229 130 235
66 235 130
235 66 221
238 237 56
56 57 238
534 536 535
534 537 536
538 540 539
538 541 540
244 543 542
542 242 244
544 546 545
544 547 546
548 550 549
549 551 548
552 554 553
552 555 554
240 557 556
556 247 240
282 401 284
401 402 284
287 403 288
403 404 288
54 288 404
404 217 54
408 407 289
289 290 408
409 293 410
293 294 410
237 410 294
294 56 237
284 402 287
402 403 287
408 290 409
290 293 409
231 492 470
470 114 231
558 560 559
560 561 559
562 564 563
563 565 562
566 568 567
567 569 566
570 572 571
571 573 570
574 576 575
575 577 574
578 580 579
579 581 578
582 584 583
583 585 582
586 588 587
587 589 586
590 592 591
591 593 590
594 596 595
595 597 594
598 600 599
599 601 598
602 604 603
603 605 602
606 608 607
607 609 606
610 612 611
611 613 610
614 616 615
615 617 614
618 620 619
619 621 618
622 624 623
622 625 624
626 628 627
626 629 628
630 632 631
630 633 632
634 636 635
634 637 636
638 640 639
638 641 640
642 644 643
642 645 644
646 648 647
646 649 648
650 652 651
650 653 652
654 656 655
654 657 656
658 660 659
658 661 660
662 664 663
662 665 664
666 668 667
666 669 668
670 672 671
670 673 672
674 502 675
674 341 502
676 678 677
676 679 678
680 682 681
680 683 682
684 686 685
684 687 686
688 690 689
688 691 690
692 694 693
692 695 694
696 698 697
696 699 698
700 702 701
700 703 702
704 706 705
704 707 706
708 710 709
708 711 710
712 714 713
712 715 714
716 347 717
716 346 347
718 720 719
718 721 720
722 724 723
722 725 724
726 728 727
726 729 728
730 732 731
730 733 732
734 736 735
734 737 736
738 740 739
738 741 740
742 744 743
742 745 744
746 748 747
746 749 748
750 752 751
750 753 752
754 756 755
754 757 756
758 760 759
758 761 760
609 762 606
609 763 762
764 766 765
764 767 766
768 333 769
768 335 333
770 772 771
770 773 772
774 776 775
774 777 776
778 780 779
778 781 780
782 784 783
782 785 784
786 788 787
786 789 788
790 792 791
790 793 792
