[ MESH_DATA ]
922
2064
0
0

[ VERTEX_DATA ]
50 314.613 -0.0714638
1 0 0
0.98203 0.36177
50 214.676 -0.0714638
1 0 0
0.725368 0.36177
50 314.613 154.611
1 0 0
0.98203 0.0597359
50 214.676 164.039
1 0 0
0.725368 0.0413267
-50 314.613 154.611
-1 0 0
0.995366 0.0608572
-50 214.676 164.039
-1 0 0
0.733939 0.0425586
-50 314.613 -0.0714638
-1 0 0
0.995366 0.361075
-50 214.676 -0.0714638
-1 0 0
0.733939 0.361075
-50 -313.985 -0.0714638
-1 0 0
0.021435 0.358551
-50 -214.048 -0.0714638
-1 0 0
0.285454 0.358551
-50 -313.985 154.611
-1 0 0
0.021435 0.0591753
-50 -214.048 164.039
-1 0 0
0.285454 0.0409282
50 -313.985 154.611
1 0 0
0.00120749 0.0602751
50 -214.048 164.039
1 0 0
0.272545 0.0414302
50 -313.985 -0.0714638
1 0 0
0.00120749 0.369458
50 -214.048 -0.0714638
1 0 0
0.272545 0.369458
26.6131 -214.048 229.407
-0.875081 0.0040656 -0.483959
0.735706 0.271581
30.2546 -214.048 219.979
-0.983066 0 -0.183253
0.748327 0.271581
26.6131 -114.048 229.407
-0.875081 0.0040656 -0.483959
0.735706 0.126419
30.2546 -114.048 219.979
-0.983066 0 -0.183253
0.748327 0.126419
26.6131 114.111 229.407
-0.90269 -0.000716118 -0.430291
0.513206 0.271569
30.2546 114.111 219.979
-0.983066 0 -0.183253
0.525827 0.271569
26.6131 214.676 229.407
-0.90269 -0.000716118 -0.430291
0.513206 0.101431
30.2546 214.676 219.979
-0.983066 0 -0.183253
0.525827 0.101431
-27.1881 -114.048 229.407
0.868234 0 -0.496155
0.54923 0.126419
-30.8831 -114.048 219.979
0.982611 0 -0.185677
0.536423 0.126419
-27.1881 -214.048 229.407
0.868234 0 -0.496155
0.54923 0.271581
-30.8831 -214.048 219.979
0.982611 0 -0.185677
0.536423 0.271581
-27.1881 214.676 229.407
0.868234 0 -0.496155
0.32673 0.101431
-30.8831 214.676 219.979
0.982611 0 -0.185677
0.313923 0.101431
-27.1881 114.111 229.407
0.868234 0 -0.496155
0.32673 0.271569
-30.8831 114.111 219.979
0.982611 0 -0.185677
0.313923 0.271569
22.2779 -214.048 235.208
-0.739215 0.0040468 -0.673457
0.72068 0.271581
23.2835 -114.048 235.208
-0.739215 0.0040468 -0.673457
0.724166 0.126419
23.2835 114.111 235.208
-0.753727 -0.00117799 -0.657187
0.501666 0.271569
23.2835 214.676 234.919
-0.753727 -0.00117799 -0.657187
0.501666 0.101431
-21.7687 -114.048 236.321
0.695486 0 -0.718539
0.568013 0.126419
-21.7687 -214.048 236.321
0.695486 0 -0.718539
0.568013 0.271581
-21.7687 214.676 236.321
0.695486 0 -0.718539
0.345513 0.101431
-21.7687 114.111 236.321
0.695486 0 -0.718539
0.345513 0.271569
17.2132 -214.048 239.784
-0.504091 0 -0.86365
0.703126 0.271581
17.2132 -114.048 239.784
-0.504091 0 -0.86365
0.703126 0.126419
17.2132 114.111 239.897
-0.467694 -0.0010606 -0.88389
0.480626 0.271569
17.2132 214.676 239.784
-0.467694 -0.0010606 -0.88389
0.480626 0.101431
-17.6499 -114.048 239.338
0.488518 0 -0.872554
0.582289 0.126419
-17.6499 -214.048 239.338
0.488518 0 -0.872554
0.582289 0.271581
-17.6499 214.676 239.338
0.488195 -0.000329908 -0.872735
0.359789 0.101431
-17.6499 114.111 239.338
0.488195 -0.000329908 -0.872735
0.359789 0.271569
-4.7085 169.129 390.717
0 0.811487 0.584371
0.224306 0.661865
-13.6875 178.158 378.178
0 0.795761 0.605611
0.188312 0.72153
4.7085 169.129 390.717
0 0.811487 0.584371
0.262056 0.661865
13.6875 178.158 378.178
0 0.795761 0.605611
0.29805 0.72153
4.7085 169.129 390.717
0.813047 0 0.582199
0.260058 0.671551
13.6875 178.158 378.178
0.797401 0 0.60345
0.298309 0.730583
4.7085 159.658 390.717
0.813047 0 0.582199
0.219942 0.671551
13.6875 150.629 378.178
0.797401 0 0.60345
0.181691 0.730583
4.7085 159.658 390.717
0 -0.811487 0.584371
0.200306 0.937745
13.6875 150.629 378.178
0 -0.795761 0.605611
0.164312 0.87808
-4.7085 159.658 390.717
0 -0.811487 0.584371
0.238056 0.937745
-13.6875 150.629 378.178
0 -0.795761 0.605611
0.27405 0.87808
-4.7085 159.658 390.717
-0.813046 0 0.582199
0.219942 0.671551
-13.6875 150.629 378.178
-0.797401 0 0.60345
0.181691 0.730583
-4.7085 169.129 390.717
-0.813046 0 0.582199
0.260058 0.671551
-13.6875 178.158 378.178
-0.797401 0 0.60345
0.298309 0.730583
-5.037 -159.011 390.717
0 0.823129 0.567855
0.222429 0.658942
-13.6875 -150.36 378.178
0 0.80266 0.596437
0.189903 0.719282
5.037 -159.011 390.717
0 0.823129 0.567855
0.260307 0.658942
13.6875 -150.36 378.178
0 0.80266 0.596437
0.292833 0.719282
5.037 -159.011 390.717
0.823129 0 0.567854
0.266231 0.662385
13.6875 -150.36 378.178
0.802661 0 0.596436
0.301233 0.722725
5.037 -169.085 390.717
0.823129 0 0.567854
0.225469 0.662385
13.6875 -177.735 378.178
0.802661 0 0.596436
0.190467 0.722725
5.037 -169.085 390.717
0 -0.823129 0.567855
0.260307 0.658942
13.6875 -177.735 378.178
0 -0.80266 0.596437
0.292833 0.719282
-5.037 -169.085 390.717
0 -0.823129 0.567855
0.222429 0.658942
-13.6875 -177.735 378.178
0 -0.80266 0.596437
0.189903 0.719282
-5.037 -169.085 390.717
-0.823129 0 0.567854
0.225469 0.662385
-13.6875 -177.735 378.178
-0.802661 0 0.596436
0.190467 0.722725
-5.037 -159.011 390.717
-0.823129 0 0.567854
0.266231 0.662385
-13.6875 -150.36 378.178
-0.802661 0 0.596436
0.301233 0.722725
4.7085 169.129 390.717
0 0 1
0.44409 0.671982
4.7085 159.658 390.717
0 0 1
0.44409 0.704597
-4.7085 169.129 390.717
0 0 1
0.404615 0.671982
-4.7085 159.658 390.717
0 0 1
0.404615 0.704597
5.037 -159.011 390.717
0 0 1
0.445467 0.667154
5.037 -169.085 390.717
0 0 1
0.445467 0.701848
-5.037 -159.011 390.717
0 0 1
0.403238 0.667154
-5.037 -169.085 390.717
0 0 1
0.403238 0.701848
42.7404 214.676 164.039
0 0.0939227 0.995579
0.372772 0.186105
42.7404 314.613 154.611
0 0.0939227 0.995579
0.118154 0.186795
50 214.676 164.039
0 0.0936317 0.995607
0.373254 0.203273
50 314.613 154.611
0 0.0939227 0.995579
0.118636 0.203963
-43.9975 -214.048 164.039
0 -0.0939227 0.995579
0.0953222 0.0933077
-43.9975 -313.985 154.611
0 -0.0939227 0.995579
0.0953222 0.333692
-50 -214.048 164.039
0 -0.0938933 0.995582
0.115461 0.0933077
-50 -313.985 154.611
0 -0.0939227 0.995579
0.115461 0.333692
42.7404 314.613 143.926
-1 0 0
0.801198 0.311977
42.7404 314.613 154.611
-1 0 0
0.800076 0.295928
42.7404 214.676 153.354
-1 0 0
0.605328 0.311444
42.7404 214.676 164.039
-1 0 0
0.604206 0.295395
-43.9975 -313.985 143.926
1 0 0
0.918151 0.2298
-43.9975 -313.985 154.611
1 0 0
0.918151 0.203237
-43.9975 -214.048 153.354
1 0 0
0.650724 0.206362
-43.9975 -214.048 164.039
1 0 0
0.650724 0.1798
-30.8831 -214.048 153.354
0 -0.0938933 0.995582
0.326215 0.59329
-30.8831 -114.048 162.782
0 -0.0799347 0.9968
0.636567 0.59329
30.2546 -214.048 153.354
0 -0.0938933 0.995582
0.326215 0.456625
30.2546 -114.048 162.782
0 -0.0799347 0.9968
0.636567 0.456625
-30.8831 214.676 153.354
0 0.0936317 0.995607
0.687491 0.596044
30.2546 214.676 153.354
0 0.0936317 0.995607
0.687491 0.454248
-30.8831 114.111 162.782
0 0.0796546 0.996823
0.37408 0.596044
30.2546 114.111 162.782
0 0.0796546 0.996823
0.37408 0.454248
-43.9975 314.613 143.926
0 0.0939227 0.995579
0.998944 0.626461
42.7404 314.613 143.926
0 0.0939227 0.995579
0.998944 0.425289
-43.9975 214.676 153.354
0 0.0939227 0.995579
0.687491 0.626461
42.7404 214.676 153.354
0 0.0939227 0.995579
0.687491 0.425289
42.7404 -313.985 143.926
0 -0.0939227 0.995579
0.0160582 0.428714
-43.9975 -313.985 143.926
0 -0.0939227 0.995579
0.0160582 0.622606
42.7404 -214.048 153.354
0 -0.0939227 0.995579
0.326215 0.428714
-43.9975 -214.048 153.354
0 -0.0939227 0.995579
0.326215 0.622606
42.7404 -313.985 143.926
-1 0 0
0.650724 0.1748
42.7404 -214.048 153.354
-1 0 0
0.918151 0.151362
42.7404 -313.985 154.611
-1 0 0
0.650724 0.148237
42.7404 -214.048 164.039
-1 0 0
0.918151 0.1248
50 -313.985 154.611
0 -0.0939227 0.995579
0.119489 0.333692
42.7404 -313.985 154.611
0 -0.0939227 0.995579
0.139628 0.333692
50 -214.048 164.039
0 -0.0938933 0.995582
0.119489 0.0933077
42.7404 -214.048 164.039
0 -0.0939227 0.995579
0.139628 0.0933077
50 -313.985 -0.0714638
0 -1 0
0.956808 0.355829
-50 -313.985 -0.0714638
0 -1 0
0.739848 0.355829
50 -313.985 154.611
0 -1 0
0.956808 0.015629
-50 -313.985 154.611
0 -1 0
0.739848 0.015629
-43.9975 -313.985 154.611
0 -1 0
0.752871 0.015629
-43.5956 -313.985 143.942
0 -1 0
0.753743 0.0390936
42.7113 -313.985 143.942
0 -1 0
0.940994 0.0390936
42.7404 -313.985 154.611
0 -1 0
0.941057 0.015629
-43.9975 314.613 154.611
0 0.0939227 0.995579
0.103543 0.135668
-43.9975 214.676 164.039
0 0.0939227 0.995579
0.358161 0.134977
-50 314.613 154.611
0 0.0939227 0.995579
0.103144 0.121472
-50 214.676 164.039
0 0.0936316 0.995607
0.357763 0.120782
-43.9975 314.613 143.926
1 0 0
0.801198 0.311977
-43.9975 214.676 153.354
1 0 0
0.605328 0.311444
-43.9975 314.613 154.611
1 0 0
0.800076 0.295928
-43.9975 214.676 164.039
1 0 0
0.604206 0.295395
-30.8831 -114.048 219.979
0.982611 0 -0.185677
0.788759 0.139507
-30.8831 -114.048 162.782
1 0 0
0.788759 0.2287
-30.8831 -214.048 219.979
0.982611 0 -0.185677
0.919878 0.139507
-30.8831 -214.048 153.354
1 0 0
0.919878 0.243403
30.2546 -214.048 219.979
-0.983066 0 -0.183253
0.788759 0.0304156
30.2546 -214.048 153.354
-1 0 0
0.788759 0.134312
30.2546 -114.048 219.979
-0.983066 0 -0.183253
0.919878 0.0304156
30.2546 -114.048 162.782
-1 0 0
0.919878 0.119609
30.2546 114.111 219.979
-0.983066 0 -0.183253
0.625139 0.0304156
30.2546 114.111 162.782
-1 0 0
0.625139 0.119609
30.2546 214.676 219.979
-0.983066 0 -0.183253
0.783497 0.0304156
30.2546 214.676 153.354
-1 0 0
0.783497 0.134312
-30.8831 214.676 219.979
0.982611 0 -0.185677
0.625139 0.139507
-30.8831 214.676 153.354
1 0 0
0.625139 0.243403
-30.8831 114.111 219.979
0.982611 0 -0.185677
0.783497 0.139507
-30.8831 114.111 162.782
1 0 0
0.783497 0.2287
7.54242 -114.048 243.009
-0.190027 0 -0.981779
0.669607 0.126419
-1.25707 -114.048 243.542
0.020879 0 -0.999782
0.639107 0.126419
7.54242 -214.048 243.009
-0.190027 0 -0.981779
0.669607 0.271581
-1.25707 -214.048 243.542
0.020879 0 -0.999782
0.639107 0.271581
7.54242 114.111 243.055
-0.18365 -0.00131945 -0.982991
0.447106 0.271569
7.54242 214.676 242.927
-0.18365 -0.00131945 -0.982991
0.447106 0.101431
-1.25707 114.111 243.528
0.0238592 -0.00141044 -0.999714
0.416607 0.271569
-1.25707 214.676 243.386
0.0238592 -0.00141044 -0.999714
0.416607 0.101431
-9.42803 -114.048 242.704
0.242976 0 -0.970032
0.610786 0.126419
-9.42803 -214.048 242.704
0.242976 0 -0.970032
0.610786 0.271581
-9.42803 114.111 242.697
0.242203 -0.00103989 -0.970225
0.388286 0.271569
-9.42803 214.676 242.625
0.242203 -0.00103989 -0.970225
0.388286 0.101431
64.25 -214.048 -0.0714638
0 -1 0
0.6485 0.305
50 -214.048 -0.0714638
0 -1 0
0.623216 0.305
64.25 -214.048 164.039
0 -1 0
0.6485 0.115866
50 -214.048 164.039
0 -1 0
0.623216 0.115866
64.25 -214.048 164.039
0 -0.0938639 0.995585
0.681 0.31
50 -214.048 164.039
0 -0.0938933 0.995582
0.647732 0.31
64.25 -114.048 173.467
0 -0.0938639 0.995585
0.681 0.11
50 -114.048 173.467
0 -0.0919401 0.995765
0.647732 0.11
64.25 -114.048 173.467
0 1 0
0.6485 0.105
50 -114.048 173.467
0 1 0
0.623216 0.105
64.25 -114.048 -0.0714638
0 1 0
0.6485 0.305
50 -114.048 -0.0714638
0 1 0
0.623216 0.305
-64.25 -114.048 -0.0714638
0 1 0
0.4205 0.305
-50 -114.048 -0.0714638
0 1 0
0.445784 0.305
-64.25 -114.048 173.467
0 1 0
0.4205 0.105
-50 -114.048 173.467
0 1 0
0.445784 0.105
-64.25 -114.048 173.467
0 -0.0938639 0.995585
0.381 0.11
-50 -114.048 173.467
0 -0.0919401 0.995765
0.414268 0.11
-64.25 -214.048 164.039
0 -0.0938639 0.995585
0.381 0.31
-50 -214.048 164.039
0 -0.0938933 0.995582
0.414268 0.31
-64.25 -214.048 164.039
0 -1 0
0.4205 0.115866
-50 -214.048 164.039
0 -1 0
0.445784 0.115866
-64.25 -214.048 -0.0714638
0 -1 0
0.4205 0.305
-50 -214.048 -0.0714638
0 -1 0
0.445784 0.305
64.25 214.676 164.039
0 1 0
0.6485 0.115866
50 214.676 164.039
0 1 0
0.623216 0.115866
64.25 214.676 -0.0714638
0 1 0
0.6485 0.305
50 214.676 -0.0714638
0 1 0
0.623216 0.305
64.25 114.111 -0.0714638
0 -1 0
0.6485 0.305
50 114.111 -0.0714638
0 -1 0
0.623216 0.305
64.25 114.111 173.467
0 -1 0
0.6485 0.105
50 114.111 173.467
0 -1 0
0.623216 0.105
64.25 114.111 173.467
0 0.0933406 0.995634
0.681 0.11
50 114.111 173.467
0 0.0916538 0.995791
0.647732 0.11
64.25 214.676 164.039
0 0.0933406 0.995634
0.681 0.31
50 214.676 164.039
0 0.0936317 0.995607
0.647732 0.31
-64.25 214.676 -0.0714638
0 1 0
0.4205 0.305
-50 214.676 -0.0714638
0 1 0
0.445784 0.305
-64.25 214.676 164.039
0 1 0
0.4205 0.115866
-50 214.676 164.039
0 1 0
0.445784 0.115866
-64.25 214.676 164.039
0 0.0933406 0.995634
0.381 0.31
-50 214.676 164.039
0 0.0936316 0.995607
0.414268 0.31
-64.25 114.111 173.467
0 0.0933406 0.995634
0.381 0.11
-50 114.111 173.467
0 0.0916538 0.995791
0.414268 0.11
-64.25 114.111 173.467
0 -1 0
0.4205 0.105
-50 114.111 173.467
0 -1 0
0.445784 0.105
-64.25 114.111 -0.0714638
0 -1 0
0.4205 0.305
-50 114.111 -0.0714638
0 -1 0
0.445784 0.305
64.25 -214.048 164.039
1 0 0
0.272545 0.0414302
64.25 -114.048 173.467
1 0 0
0.544054 0.0225853
64.25 -214.048 -0.0714638
1 0 0
0.272545 0.369458
64.25 -114.048 -0.0714638
1 0 0
0.544054 0.369458
-64.25 -114.048 173.467
-1 0 0
0.549638 0.022681
-64.25 -214.048 164.039
-1 0 0
0.285454 0.0409282
-64.25 -114.048 -0.0714638
-1 0 0
0.549638 0.358551
-64.25 -214.048 -0.0714638
-1 0 0
0.285454 0.358551
64.25 214.676 -0.0714638
1 0 0
0.725368 0.36177
64.25 114.111 -0.0714638
1 0 0
0.467092 0.36177
64.25 214.676 164.039
1 0 0
0.725368 0.0413267
64.25 114.111 173.467
1 0 0
0.467092 0.0229174
-64.25 214.676 164.039
-1 0 0
0.733939 0.0425586
-64.25 114.111 173.467
-1 0 0
0.470868 0.0242601
-64.25 214.676 -0.0714638
-1 0 0
0.733939 0.361075
-64.25 114.111 -0.0714638
-1 0 0
0.470868 0.361075
-45.6003 -156.505 273.059
0 -1 0
0.026575 0.353107
-50 -156.505 273.059
0 -1 0
0.0370863 0.353107
-45.6003 -156.505 299.457
0 -1 0
0.026575 0.277591
-50 -156.505 299.457
0 -1 0
0.0370863 0.277591
-45.6003 -156.505 299.457
0 0 -1
0.454499 0.220735
-50 -156.505 299.457
0 0 -1
0.438526 0.220735
-45.6003 -170.962 299.457
0 0 -1
0.454499 0.264376
-50 -170.962 299.457
0 0 -1
0.438526 0.264376
-45.6003 -170.962 299.457
0 1 0
0.0723835 0.277591
-50 -170.962 299.457
0 1 0
0.0571498 0.277591
-45.6003 -170.962 273.059
0 1 0
0.0723835 0.353107
-50 -170.962 273.059
0 1 0
0.0571498 0.353107
-45.6003 -170.962 273.059
0 0 1
0.572693 0.310926
-50 -170.962 273.059
0 0 1
0.588665 0.310926
-45.6003 -156.505 273.059
0 0 1
0.572693 0.267285
-50 -156.505 273.059
0 0 1
0.588665 0.267285
-45.6003 158.428 299.457
0 0.999996 0.00297904
0.0889509 0.277591
-50 158.428 299.457
0 0.999996 0.00297904
0.0679388 0.277591
-45.6003 158.507 273.059
0 0.999996 0.00297904
0.0889509 0.353107
-50 158.507 273.059
0 0.999996 0.00297904
0.0679388 0.353107
-45.6003 158.507 273.059
0 0 1
0.47686 0.357453
-50 158.507 273.059
0 0 1
0.492832 0.357453
-45.6003 173.476 273.059
0 0 1
0.47686 0.298342
-50 173.476 273.059
0 0 1
0.492832 0.298342
-45.6003 173.476 273.059
0 -1 0
0.0175098 0.353107
-50 173.476 273.059
0 -1 0
0.0385219 0.353107
-45.6003 173.476 299.457
0 -1 0
0.0175098 0.277591
-50 173.476 299.457
0 -1 0
0.0385219 0.277591
-45.6003 173.476 299.457
0 0 -1
0.454499 0.298342
-50 173.476 299.457
0 0 -1
0.438526 0.298342
-45.6003 158.428 299.457
0 0 -1
0.454499 0.357453
-50 158.428 299.457
0 0 -1
0.438526 0.357453
-45.6003 -156.505 299.457
-1 0 0
0.992606 0.635825
-45.6003 -170.962 299.457
-1 0 0
0.94136 0.635825
-45.6003 -156.505 273.059
-1 0 0
0.992606 0.734825
-45.6003 -170.962 273.059
-1 0 0
0.94136 0.734825
-45.6003 158.507 273.059
-1 0 0
0.94102 0.734825
-45.6003 173.476 273.059
-1 0 0
0.994085 0.734825
-45.6003 158.428 299.457
-1 0 0
0.940742 0.635825
-45.6003 173.476 299.457
-1 0 0
0.994085 0.635825
-7.25959 -210.277 299.457
0 0 -1
0.496255 0.344707
-7.25959 -214.048 299.457
0 0 -1
0.496255 0.357638
7.25958 -210.277 299.457
0 0 -1
0.56927 0.344707
7.25958 -214.048 299.457
0 0 -1
0.56927 0.357638
7.25958 -210.277 299.457
-1 0 0
0.104704 0.277591
7.25958 -214.048 299.457
-1 0 0
0.0904161 0.277591
7.25958 -210.277 273.059
-1 0 0
0.104704 0.353107
7.25958 -214.048 273.059
-1 0 0
0.0904161 0.353107
7.25958 -210.277 273.059
0 0 1
0.496255 0.313674
7.25958 -214.048 273.059
0 0 1
0.496255 0.326604
-7.25959 -210.277 273.059
0 0 1
0.56927 0.313674
-7.25959 -214.048 273.059
0 0 1
0.56927 0.326604
-7.25959 -210.277 273.059
1 0 0
0.124708 0.353107
-7.25959 -214.048 273.059
1 0 0
0.138996 0.353107
-7.25959 -210.277 299.457
1 0 0
0.124708 0.277591
-7.25959 -214.048 299.457
1 0 0
0.138996 0.277591
-7.25959 117.882 299.457
0 0 -1
0.496255 0.298157
-7.25959 114.111 299.457
0 0 -1
0.496255 0.311088
7.25958 117.882 299.457
0 0 -1
0.56927 0.298157
7.25958 114.111 299.457
0 0 -1
0.56927 0.311088
7.25958 117.882 299.457
-1 0 0
0.176057 0.277591
7.25958 114.111 299.457
-1 0 0
0.163134 0.277591
7.25958 117.882 273.059
-1 0 0
0.176057 0.353107
7.25958 114.111 273.059
-1 0 0
0.163134 0.353107
7.25958 117.882 273.059
0 0 1
0.496255 0.32919
7.25958 114.111 273.059
0 0 1
0.496255 0.342121
-7.25959 117.882 273.059
0 0 1
0.56927 0.32919
-7.25959 114.111 273.059
0 0 1
0.56927 0.342121
-7.25959 117.882 273.059
1 0 0
0.13212 0.353107
-7.25959 114.111 273.059
1 0 0
0.145043 0.353107
-7.25959 117.882 299.457
1 0 0
0.13212 0.277591
-7.25959 114.111 299.457
1 0 0
0.145043 0.277591
7.25958 -210.277 299.457
0 -1 0
0.994012 0.635787
7.25958 -210.277 273.059
0 -1 0
0.994012 0.735012
-7.25959 -210.277 299.457
0 -1 0
0.941812 0.635787
-7.25959 -210.277 273.059
0 -1 0
0.941812 0.735012
7.25958 117.882 299.457
0 -1 0
0.994012 0.635787
7.25958 117.882 273.059
0 -1 0
0.994012 0.735012
-7.25959 117.882 299.457
0 -1 0
0.941812 0.635787
-7.25959 117.882 273.059
0 -1 0
0.941812 0.735012
7.25958 -117.19 273.059
-1 0 0
0.030203 0.272557
7.25958 -114.048 273.059
-1 0 0
0.0399905 0.272557
7.25958 -117.19 299.457
-1 0 0
0.030203 0.197041
7.25958 -114.048 299.457
-1 0 0
0.0399905 0.197041
7.25958 -117.19 299.457
0 0 -1
0.492604 0.295571
7.25958 -114.048 299.457
0 0 -1
0.492604 0.28264
-7.25959 -117.19 299.457
0 0 -1
0.419588 0.295571
-7.25959 -114.048 299.457
0 0 -1
0.419588 0.28264
-7.25959 -117.19 299.457
1 0 0
0.0875584 0.197041
-7.25959 -114.048 299.457
1 0 0
0.0732702 0.197041
-7.25959 -117.19 273.059
1 0 0
0.0875584 0.272557
-7.25959 -114.048 273.059
1 0 0
0.0732702 0.272557
-7.25959 -117.19 273.059
0 0 1
0.56927 0.280054
-7.25959 -114.048 273.059
0 0 1
0.56927 0.267124
7.25958 -117.19 273.059
0 0 1
0.496255 0.280054
7.25958 -114.048 273.059
0 0 1
0.496255 0.267124
7.25958 211.534 273.059
-1 0 0
0.0244438 0.272557
7.25958 214.676 273.059
-1 0 0
0.0391523 0.272557
7.25958 211.534 299.457
-1 0 0
0.0244438 0.197041
7.25958 214.676 299.457
-1 0 0
0.0391523 0.197041
7.25958 211.534 299.457
0 0 -1
0.56927 0.295571
7.25958 214.676 299.457
0 0 -1
0.56927 0.28264
-7.25959 211.534 299.457
0 0 -1
0.496255 0.295571
-7.25959 214.676 299.457
0 0 -1
0.496255 0.28264
-7.25959 211.534 299.457
1 0 0
0.0568024 0.197041
-7.25959 214.676 299.457
1 0 0
0.042094 0.197041
-7.25959 211.534 273.059
1 0 0
0.0568024 0.272557
-7.25959 214.676 273.059
1 0 0
0.042094 0.272557
-7.25959 211.534 273.059
0 0 1
0.492604 0.280054
-7.25959 214.676 273.059
0 0 1
0.492604 0.267124
7.25958 211.534 273.059
0 0 1
0.419588 0.280054
7.25958 214.676 273.059
0 0 1
0.419588 0.267124
7.25958 -117.19 299.457
0 1 0
0.994012 0.635787
-7.25959 -117.19 299.457
0 1 0
0.941812 0.635787
7.25958 -117.19 273.059
0 1 0
0.994012 0.735012
-7.25959 -117.19 273.059
0 1 0
0.941812 0.735012
7.25958 211.534 299.457
0 1 0
0.994012 0.635787
-7.25959 211.534 299.457
0 1 0
0.941812 0.635787
7.25958 211.534 273.059
0 1 0
0.994012 0.735012
-7.25959 211.534 273.059
0 1 0
0.941812 0.735012
46.8573 -170.962 299.457
0 0 -1
0.572693 0.357476
50 -170.962 299.457
0 0 -1
0.588665 0.357476
46.8573 -156.505 299.457
0 0 -1
0.572693 0.313835
50 -156.505 299.457
0 0 -1
0.588665 0.313835
46.8573 -156.505 299.457
0 -1 0
0.108945 0.197041
50 -156.505 299.457
0 -1 0
0.0937108 0.197041
46.8573 -156.505 273.059
0 -1 0
0.108945 0.272557
50 -156.505 273.059
0 -1 0
0.0937108 0.272557
46.8573 -156.505 273.059
0 0 1
0.435332 0.220735
50 -156.505 273.059
0 0 1
0.41936 0.220735
46.8573 -170.962 273.059
0 0 1
0.435332 0.264376
50 -170.962 273.059
0 0 1
0.41936 0.264376
46.8573 -170.962 273.059
0 1 0
0.148552 0.272557
50 -170.962 273.059
0 1 0
0.163786 0.272557
46.8573 -170.962 299.457
0 1 0
0.148552 0.197041
50 -170.962 299.457
0 1 0
0.163786 0.197041
46.8573 173.476 299.457
0 -1 0
0.140262 0.197041
50 173.476 299.457
0 -1 0
0.128075 0.197041
46.8573 173.476 273.059
0 -1 0
0.140262 0.272557
50 173.476 273.059
0 -1 0
0.128075 0.272557
46.8573 173.476 273.059
0 0 1
0.473665 0.298342
50 173.476 273.059
0 0 1
0.457693 0.298342
46.8573 158.507 273.059
0 0 1
0.473665 0.357453
50 158.507 273.059
0 0 1
0.457693 0.357453
46.8573 158.507 273.059
0 0.999996 0.00297904
0.1427 0.272557
50 158.507 273.059
0 0.999996 0.00297904
0.154887 0.272557
46.8573 158.428 299.457
0 0.999996 0.00297904
0.1427 0.197041
50 158.428 299.457
0 0.999996 0.00297904
0.154887 0.197041
46.8573 158.428 299.457
0 0 -1
0.41936 0.357453
50 158.428 299.457
0 0 -1
0.435332 0.357453
46.8573 173.476 299.457
0 0 -1
0.41936 0.298342
50 173.476 299.457
0 0 -1
0.435332 0.298342
46.8573 -156.505 299.457
1 0 0
0.992606 0.635825
46.8573 -156.505 273.059
1 0 0
0.992606 0.734825
46.8573 -170.962 299.457
1 0 0
0.94136 0.635825
46.8573 -170.962 273.059
1 0 0
0.94136 0.734825
46.8573 173.476 273.059
1 0 0
0.994085 0.734825
46.8573 158.507 273.059
1 0 0
0.94102 0.734825
46.8573 173.476 299.457
1 0 0
0.994085 0.635825
46.8573 158.428 299.457
1 0 0
0.940742 0.635825
-52.75 217.19 328.37
0 1 0
0.546057 0.666724
52.75 217.19 328.37
0 1 0
0.792881 0.666724
-52.75 217.19 332.738
0 1 0
0.546057 0.659524
52.75 217.19 332.738
0 1 0
0.792881 0.659524
52.75 111.597 328.37
0 -1 0
0.792881 0.666724
-52.75 111.597 328.37
0 -1 0
0.546057 0.666724
52.75 111.597 332.738
0 -1 0
0.792881 0.659524
-52.75 111.597 332.738
0 -1 0
0.546057 0.659524
52.75 217.19 328.37
1 0 0
0.705 0.665475
52.75 111.597 328.37
1 0 0
0.510464 0.665475
52.75 217.19 332.738
1 0 0
0.705 0.660475
52.75 111.597 332.738
1 0 0
0.510464 0.660475
-52.75 111.597 328.37
-1 0 0
0.510464 0.665475
-52.75 217.19 328.37
-1 0 0
0.705 0.665475
-52.75 111.597 332.738
-1 0 0
0.510464 0.660475
-52.75 217.19 332.738
-1 0 0
0.705 0.660475
-53.25 -111.048 328.37
0 1 0
0.544888 0.666724
53.25 -111.048 328.37
0 1 0
0.794051 0.666724
-53.25 -111.048 332.738
0 1 0
0.544888 0.659524
53.25 -111.048 332.738
0 1 0
0.794051 0.659524
53.25 -217.048 328.37
0 -1 0
0.794051 0.666724
-53.25 -217.048 328.37
0 -1 0
0.544888 0.666724
53.25 -217.048 332.738
0 -1 0
0.794051 0.659524
-53.25 -217.048 332.738
0 -1 0
0.544888 0.659524
53.25 -111.048 328.37
1 0 0
0.819284 0.665475
53.25 -217.048 328.37
1 0 0
0.624 0.665475
53.25 -111.048 332.738
1 0 0
0.819284 0.660475
53.25 -217.048 332.738
1 0 0
0.624 0.660475
-53.25 -217.048 328.37
-1 0 0
0.624 0.665475
-53.25 -111.048 328.37
-1 0 0
0.819284 0.665475
-53.25 -217.048 332.738
-1 0 0
0.624 0.660475
-53.25 -111.048 332.738
-1 0 0
0.819284 0.660475
50 6.13804e-05 183.775
0 -2.46796e-05 1
0.0711555 0.0433387
50 -114.048 173.467
0 -0.0919401 0.995765
0.0711555 0.333661
42.7404 6.13804e-05 183.775
0 -2.46796e-05 1
0.0912944 0.0433387
42.7404 -114.048 173.467
0 -0.090016 0.99594
0.0912944 0.333661
50 6.13804e-05 183.775
0 -2.46796e-05 1
0.906256 0.201828
42.7404 6.13804e-05 183.775
0 -2.46796e-05 1
0.905774 0.184659
50 114.111 173.467
0 0.0916538 0.995791
0.627873 0.202582
42.7404 114.111 173.467
0 0.0899668 0.995945
0.627391 0.185414
-50 6.13804e-05 183.775
0 -2.46759e-05 1
0.890764 0.119337
-50 114.111 173.467
0 0.0916538 0.995791
0.612381 0.120091
-43.9975 6.13804e-05 183.775
0 -2.46759e-05 1
0.891163 0.133532
-43.9975 114.111 173.467
0 0.0899668 0.995945
0.61278 0.134287
-50 6.13804e-05 183.775
0 -2.46759e-05 1
0.0671278 0.0433387
-43.9975 6.13804e-05 183.775
0 -2.46759e-05 1
0.0469889 0.0433387
-50 -114.048 173.467
0 -0.0919401 0.995765
0.0671278 0.333661
-43.9975 -114.048 173.467
0 -0.090016 0.99594
0.0469889 0.333661
-43.9975 6.13804e-05 183.775
1 0 0
0.183511 0.295024
-43.9975 114.111 173.467
1 0 0
0.407111 0.294947
-43.9975 6.13804e-05 170.325
1 0 0
0.184923 0.315227
-43.9975 114.111 162.782
1 0 0
0.408233 0.310996
-43.9975 6.13804e-05 183.775
1 0 0
0.650758 0.2348
-43.9975 6.13804e-05 170.325
1 0 0
0.650758 0.266836
-43.9975 -114.048 173.467
1 0 0
0.973742 0.259351
-43.9975 -114.048 162.782
1 0 0
0.973742 0.2848
42.7404 6.13804e-05 183.775
-1 0 0
0.973742 0.2898
42.7404 -114.048 173.467
-1 0 0
0.650758 0.314351
42.7404 6.13804e-05 170.325
-1 0 0
0.973742 0.321836
42.7404 -114.048 162.782
-1 0 0
0.650758 0.3398
42.7404 6.13804e-05 183.775
-1 0 0
0.183511 0.295024
42.7404 6.13804e-05 170.325
-1 0 0
0.184923 0.315227
42.7404 114.111 173.467
-1 0 0
0.407111 0.294947
42.7404 114.111 162.782
-1 0 0
0.408233 0.310996
42.7404 6.13804e-05 170.325
0 -1.81258e-05 1
0.990517 0.428714
42.7404 -114.048 162.782
0 -0.0659898 0.99782
0.636567 0.428714
-43.9975 6.13804e-05 170.325
0 -1.81258e-05 1
0.990517 0.622606
-43.9975 -114.048 162.782
0 -0.0659898 0.99782
0.636567 0.622606
42.7404 6.13804e-05 170.325
0 -1.81258e-05 1
0.0184561 0.425289
-43.9975 6.13804e-05 170.325
0 -1.81258e-05 1
0.0184561 0.626461
42.7404 114.111 162.782
0 0.0659536 0.997823
0.37408 0.425289
-43.9975 114.111 162.782
0 0.0659536 0.997823
0.37408 0.626461
50 6.13804e-05 183.775
1 0 0
0.853704 0.00198144
50 6.13804e-05 142.552
1 0 0
0.853704 0.0843787
50 -114.048 173.467
1 0 0
0.544054 0.0225853
50 -13.4025 141.031
1 0 0
0.817315 0.0874201
50 -29.9331 132.895
1 0 0
0.772433 0.103681
50 -45.0078 122.796
1 0 0
0.731504 0.123868
50 -58.4289 111.525
1 0 0
0.695064 0.146397
50 -66.1351 103.086
1 0 0
0.674141 0.163264
50 -75.6739 88.2692
1 0 0
0.648242 0.192881
50 -114.048 -0.0714638
1 0 0
0.544054 0.369458
50 -79.9624 77.5378
1 0 0
0.636599 0.214331
50 -91.1473 26.7035
1 0 0
0.606231 0.31594
50 -95.7233 -0.0714638
1 0 0
0.593807 0.369458
50 114.111 -0.0714638
1 0 0
0.467092 0.36177
50 100.541 -0.0714638
1 0 0
0.432243 0.36177
50 114.111 173.467
1 0 0
0.467092 0.0229174
50 97.3164 21.2878
1 0 0
0.423961 0.320064
50 85.5808 73.6474
1 0 0
0.393821 0.217826
50 79.3165 88.2692
1 0 0
0.377733 0.189276
50 71.3251 100.426
1 0 0
0.357209 0.165538
50 6.13804e-05 183.775
1 0 0
0.17403 0.00279003
50 60.9911 111.525
1 0 0
0.330669 0.143866
50 49.8918 121.146
1 0 0
0.302164 0.125081
50 31.6545 132.895
1 0 0
0.255326 0.102138
50 18.1029 140.242
1 0 0
0.220522 0.0877926
50 2.31957 142.794
1 0 0
0.179987 0.0828105
50 6.13804e-05 142.552
1 0 0
0.17403 0.0832821
-50 6.13804e-05 183.775
-1 0 0
0.172364 0.00179678
-50 6.13804e-05 142.552
-1 0 0
0.172364 0.0847067
-50 114.111 173.467
-1 0 0
0.470868 0.0225288
-50 2.31957 142.794
-1 0 0
0.178431 0.0842207
-50 18.1029 140.242
-1 0 0
0.219719 0.0893525
-50 31.6545 132.895
-1 0 0
0.255169 0.104129
-50 49.8918 121.146
-1 0 0
0.302876 0.127761
-50 60.9911 111.525
-1 0 0
0.331911 0.14711
-50 71.3251 100.426
-1 0 0
0.358944 0.169433
-50 79.3165 88.2692
-1 0 0
0.379849 0.193884
-50 85.5808 73.6474
-1 0 0
0.396236 0.223292
-50 114.111 -0.0714638
-1 0 0
0.470868 0.371559
-50 97.3164 21.2878
-1 0 0
0.426935 0.3286
-50 100.541 -0.0714638
-1 0 0
0.435371 0.371559
-50 -114.048 -0.0714638
-1 0 0
0.549638 0.358551
-50 -95.7233 -0.0714638
-1 0 0
0.598049 0.358551
-50 -114.048 173.467
-1 0 0
0.549638 0.022681
-50 -91.1473 26.7035
-1 0 0
0.610138 0.30673
-50 -79.9624 77.5378
-1 0 0
0.639686 0.208344
-50 -75.6739 88.2692
-1 0 0
0.651016 0.187575
-50 -66.1351 103.086
-1 0 0
0.676216 0.158898
-50 6.13804e-05 183.775
-1 0 0
0.850935 0.00273079
-50 -58.4289 111.525
-1 0 0
0.696575 0.142565
-50 -45.0078 122.796
-1 0 0
0.732031 0.120751
-50 -29.9331 132.895
-1 0 0
0.771856 0.101205
-50 -13.4025 141.031
-1 0 0
0.815528 0.0854592
-50 6.13804e-05 142.552
-1 0 0
0.850935 0.0825143
43.3689 100.541 -0.0714638
0 -0.988794 -0.149286
0.730759 0.269023
43.3689 97.3164 21.2878
0 -0.982905 -0.184112
0.730758 0.226102
50 100.541 -0.0714638
0 -0.988794 -0.149286
0.76474 0.269023
50 97.3164 21.2878
0 -0.982905 -0.184112
0.76474 0.226102
43.3689 85.5808 73.6474
0 -0.951529 -0.30756
0.730758 0.120886
50 85.5808 73.6474
0 -0.951529 -0.30756
0.76474 0.120886
43.3689 -79.9624 77.5378
0 0.955815 -0.29397
0.730758 0.113069
43.3689 -91.1473 26.7035
0 0.981448 -0.191729
0.730758 0.215219
50 -79.9624 77.5378
0 0.955815 -0.29397
0.76474 0.113069
50 -91.1473 26.7035
0 0.981448 -0.191729
0.76474 0.215219
43.3689 -95.7233 -0.0714638
0 0.985708 -0.168465
0.730758 0.269023
50 -95.7233 -0.0714638
0 0.985708 -0.168465
0.76474 0.269023
43.3689 71.3251 100.426
0 -0.78653 -0.617553
0.426768 0.315068
50 71.3251 100.426
0 -0.78653 -0.617553
0.4269 0.333966
43.3689 79.3165 88.2692
0 -0.880849 -0.473398
0.443054 0.314954
50 79.3165 88.2692
0 -0.880849 -0.473398
0.443186 0.333852
43.3689 79.3165 88.2692
0 -0.880849 -0.473398
0.730758 0.0915044
50 79.3165 88.2692
0 -0.880849 -0.473398
0.76474 0.0915044
43.3689 -75.6739 88.2692
0 0.888796 -0.458302
0.730758 0.0915044
50 -75.6739 88.2692
0 0.888796 -0.458302
0.76474 0.0915044
43.3689 -66.1351 103.086
0 0.792427 -0.609967
0.730758 0.0617302
50 -66.1351 103.086
0 0.792427 -0.609967
0.76474 0.0617302
43.3689 18.1029 140.242
0 -0.322658 -0.946516
0.3183 0.315825
50 18.1029 140.242
0 -0.322658 -0.946516
0.318432 0.334723
43.3689 31.6545 132.895
0 -0.509466 -0.860491
0.345918 0.315633
50 31.6545 132.895
0 -0.509466 -0.860491
0.34605 0.334531
43.3689 49.8918 121.146
0 -0.599793 -0.800155
0.383086 0.315373
50 49.8918 121.146
0 -0.599793 -0.800155
0.383218 0.334271
43.3689 -45.0078 122.796
0 0.600721 -0.799459
0.189679 0.316723
50 -45.0078 122.796
0 0.600721 -0.799459
0.189811 0.335621
43.3689 -29.9331 132.895
0 0.500177 -0.865923
0.220402 0.316509
50 -29.9331 132.895
0 0.500177 -0.865923
0.220534 0.335407
43.3689 -13.4025 141.031
0 0.280688 -0.959799
0.254091 0.316274
50 -13.4025 141.031
0 0.280688 -0.959799
0.254223 0.335172
43.3689 60.9911 111.525
0 -0.694418 -0.719572
0.405707 0.315215
50 60.9911 111.525
0 -0.694418 -0.719572
0.405839 0.334113
43.3689 -66.1351 103.086
0 0.792427 -0.609967
0.146621 0.317024
50 -66.1351 103.086
0 0.792427 -0.609967
0.146753 0.335922
43.3689 -58.4289 111.525
0 0.692281 -0.721628
0.162327 0.316914
50 -58.4289 111.525
0 0.692281 -0.721628
0.162459 0.335812
-43.9975 97.3164 21.2878
0 -0.982905 -0.184112
0.28304 0.226102
-43.9975 100.541 -0.0714638
0 -0.988794 -0.149286
0.28304 0.269023
-50 97.3164 21.2878
0 -0.982905 -0.184112
0.25228 0.226102
-50 100.541 -0.0714638
0 -0.988794 -0.149286
0.25228 0.269023
-43.9975 85.5808 73.6474
0 -0.951529 -0.30756
0.28304 0.120886
-50 85.5808 73.6474
0 -0.951529 -0.30756
0.25228 0.120886
-43.9975 -91.1473 26.7035
0 0.981448 -0.191729
0.28304 0.215219
-43.9975 -79.9624 77.5378
0 0.955815 -0.29397
0.28304 0.113069
-50 -91.1473 26.7035
0 0.981448 -0.191729
0.25228 0.215219
-50 -79.9624 77.5378
0 0.955815 -0.29397
0.25228 0.113069
-43.9975 -95.7233 -0.0714638
0 0.985708 -0.168465
0.28304 0.269023
-50 -95.7233 -0.0714638
0 0.985708 -0.168465
0.25228 0.269023
-43.9975 79.3165 88.2692
0 -0.880849 -0.473398
0.28304 0.0915044
-50 79.3165 88.2692
0 -0.880849 -0.473398
0.25228 0.0915044
-43.9975 71.3251 100.426
0 -0.78653 -0.617553
0.28304 0.0670751
-50 71.3251 100.426
0 -0.78653 -0.617553
0.25228 0.0670751
-43.9975 -75.6739 88.2692
0 0.888796 -0.458302
0.28304 0.0915044
-50 -75.6739 88.2692
0 0.888796 -0.458302
0.25228 0.0915044
-43.9975 -66.1351 103.086
0 0.792427 -0.609967
0.28304 0.0617302
-50 -66.1351 103.086
0 0.792427 -0.609967
0.25228 0.0617302
-43.9975 31.6545 132.895
0 -0.509466 -0.860491
0.34418 0.0666443
-50 31.6545 132.895
0 -0.509466 -0.860491
0.344061 0.0495375
-43.9975 18.1029 140.242
0 -0.322658 -0.946516
0.316561 0.0668371
-50 18.1029 140.242
0 -0.322658 -0.946516
0.316442 0.0497303
-43.9975 49.8918 121.146
0 -0.599793 -0.800155
0.381348 0.0663848
-50 49.8918 121.146
0 -0.599793 -0.800155
0.381228 0.049278
-43.9975 -29.9331 132.895
0 0.500177 -0.865923
0.218663 0.0675206
-50 -29.9331 132.895
0 0.500177 -0.865923
0.218544 0.0504138
-43.9975 -45.0078 122.796
0 0.600721 -0.799459
0.187941 0.067735
-50 -45.0078 122.796
0 0.600721 -0.799459
0.187821 0.0506282
-43.9975 -13.4025 141.031
0 0.280688 -0.959799
0.252353 0.0672854
-50 -13.4025 141.031
0 0.280688 -0.959799
0.252234 0.0501786
-43.9975 60.9911 111.525
0 -0.694418 -0.719572
0.403968 0.0662268
-50 60.9911 111.525
0 -0.694418 -0.719572
0.403849 0.0491201
-43.9975 60.9911 111.525
0 -0.694418 -0.719572
0.28304 0.0447725
-50 60.9911 111.525
0 -0.694418 -0.719572
0.25228 0.0447725
-43.9975 -58.4289 111.525
0 0.692281 -0.721628
0.160588 0.067926
-50 -58.4289 111.525
0 0.692281 -0.721628
0.160469 0.0508192
-43.9975 -66.1351 103.086
0 0.792427 -0.609967
0.144883 0.0680356
-50 -66.1351 103.086
0 0.792427 -0.609967
0.144764 0.0509288
-50 2.31957 142.794
0 -0.0242942 -0.999705
0.284275 0.0499549
-43.9975 2.31957 142.794
0 -0.0242942 -0.999705
0.284395 0.0670617
50 2.31957 142.794
0 -0.0242942 -0.999705
0.286265 0.334948
43.3689 2.31957 142.794
0 -0.0242942 -0.999705
0.286133 0.31605
-43.9975 93.2892 -0.271058
-1 0 0
0.700519 0.278
-43.9975 100.541 -0.0714638
-1 0 0
0.714375 0.277721
-43.9975 90.3027 20.0203
-1 0 0
0.694813 0.249633
-43.9975 97.3164 21.2878
-1 0 0
0.708213 0.247861
43.3689 90.3027 20.0203
1 0 0
0.694813 0.249633
43.3689 97.3164 21.2878
1 0 0
0.708213 0.247861
43.3689 93.2892 -0.271058
1 0 0
0.700519 0.278
43.3689 100.541 -0.0714638
1 0 0
0.714375 0.277721
-43.9975 79.4344 69.7619
-1 0 0
0.674047 0.180096
-43.9975 85.5808 73.6474
-1 0 0
0.68579 0.174664
43.3689 79.4344 69.7619
1 0 0
0.674047 0.180096
43.3689 85.5808 73.6474
1 0 0
0.68579 0.174664
-43.9975 -73.8751 73.4578
-1 0 0
0.38112 0.174929
-43.9975 -79.9624 77.5378
-1 0 0
0.369489 0.169226
-43.9975 -84.2334 25.1652
-1 0 0
0.361328 0.242441
-43.9975 -91.1473 26.7035
-1 0 0
0.348118 0.24029
43.3689 -84.2334 25.1652
1 0 0
0.361328 0.242441
43.3689 -91.1473 26.7035
1 0 0
0.348118 0.24029
43.3689 -73.8751 73.4578
1 0 0
0.38112 0.174929
43.3689 -79.9624 77.5378
1 0 0
0.369489 0.169226
-43.9975 -88.4713 -0.271058
-1 0 0
0.353231 0.278
-43.9975 -95.7233 -0.0714638
-1 0 0
0.339375 0.277721
43.3689 -88.4713 -0.271058
1 0 0
0.353231 0.278
43.3689 -95.7233 -0.0714638
1 0 0
0.339375 0.277721
-43.9975 73.633 83.6526
-1 0 0
0.662962 0.160677
-43.9975 79.3165 88.2692
-1 0 0
0.673821 0.154224
-43.9975 66.2322 95.2018
-1 0 0
0.648821 0.144532
-43.9975 71.3251 100.426
-1 0 0
0.658552 0.137228
43.3689 66.2322 95.2018
1 0 0
0.648821 0.144532
43.3689 71.3251 100.426
1 0 0
0.658552 0.137228
43.3689 73.633 83.6526
1 0 0
0.662962 0.160677
43.3689 79.3165 88.2692
1 0 0
0.673821 0.154224
-43.9975 -69.9036 83.6526
-1 0 0
0.388708 0.160677
-43.9975 -75.6739 88.2692
-1 0 0
0.377683 0.154224
43.3689 -69.9036 83.6526
1 0 0
0.388708 0.160677
43.3689 -75.6739 88.2692
1 0 0
0.377683 0.154224
-43.9975 -61.0697 97.7287
-1 0 0
0.405587 0.141
-43.9975 -66.1351 103.086
-1 0 0
0.395909 0.13351
43.3689 -61.0697 97.7287
1 0 0
0.405587 0.141
43.3689 -66.1351 103.086
1 0 0
0.395909 0.13351
-43.9975 29.4933 126.047
-1 0 0
0.578625 0.101411
-43.9975 31.6545 132.895
-1 0 0
0.582754 0.0918379
-43.9975 16.9431 133.027
-1 0 0
0.554645 0.0916536
-43.9975 18.1029 140.242
-1 0 0
0.556861 0.0815669
43.3689 16.9431 133.027
1 0 0
0.554645 0.0916536
43.3689 18.1029 140.242
1 0 0
0.556861 0.0815669
43.3689 29.4933 126.047
1 0 0
0.578625 0.101411
43.3689 31.6545 132.895
1 0 0
0.582754 0.0918379
-43.9975 46.3828 114.885
-1 0 0
0.610895 0.117015
-43.9975 49.8918 121.146
-1 0 0
0.6176 0.108263
43.3689 46.3828 114.885
1 0 0
0.610895 0.117015
43.3689 49.8918 121.146
1 0 0
0.6176 0.108263
-43.9975 -27.543 126.047
-1 0 0
0.469646 0.101411
-43.9975 -29.9331 132.895
-1 0 0
0.46508 0.0918379
-43.9975 -41.5037 116.453
-1 0 0
0.442972 0.114823
-43.9975 -45.0078 122.796
-1 0 0
0.436276 0.105956
43.3689 -41.5037 116.453
1 0 0
0.442972 0.114823
43.3689 -45.0078 122.796
1 0 0
0.436276 0.105956
43.3689 -27.543 126.047
1 0 0
0.469646 0.101411
43.3689 -29.9331 132.895
1 0 0
0.46508 0.0918379
-43.9975 -12.234 133.776
-1 0 0
0.498897 0.0906067
-43.9975 -13.4025 141.031
-1 0 0
0.496664 0.0804648
43.3689 -12.234 133.776
1 0 0
0.498897 0.0906067
43.3689 -13.4025 141.031
1 0 0
0.496664 0.0804648
-43.9975 56.6619 105.746
-1 0 0
0.630535 0.129792
-43.9975 60.9911 111.525
-1 0 0
0.638807 0.121713
43.3689 56.6619 105.746
1 0 0
0.630535 0.129792
43.3689 60.9911 111.525
1 0 0
0.638807 0.121713
-43.9975 -53.933 105.746
-1 0 0
0.419223 0.129792
-43.9975 -58.4289 111.525
-1 0 0
0.410633 0.121713
43.3689 -53.933 105.746
1 0 0
0.419223 0.129792
43.3689 -58.4289 111.525
1 0 0
0.410633 0.121713
43.3689 2.32619 135.451
1 0 0
0.526717 0.0882651
43.3689 2.31957 142.794
1 0 0
0.526704 0.078
-43.9975 2.32619 135.451
-1 0 0
0.526717 0.0882651
-43.9975 2.31957 142.794
-1 0 0
0.526704 0.078
-43.9975 90.3027 20.0203
0 -0.983732 -0.179642
0.287786 0.108882
43.3689 90.3027 20.0203
0 -0.983732 -0.179642
0.287786 0.264837
-43.9975 93.2892 -0.271058
0 -0.989342 -0.14561
0.20124 0.108882
43.3689 93.2892 -0.271058
0 -0.989342 -0.14561
0.20124 0.264837
-43.9975 79.4344 69.7619
0 -0.953735 -0.300647
0.499944 0.108882
43.3689 79.4344 69.7619
0 -0.953735 -0.300647
0.499944 0.264837
-43.9975 -84.2334 25.1652
0 0.982344 -0.187082
0.30973 0.108882
43.3689 -84.2334 25.1652
0 0.982344 -0.187082
0.30973 0.264837
-43.9975 -73.8751 73.4578
0 0.957848 -0.287277
0.515708 0.108882
43.3689 -73.8751 73.4578
0 0.957848 -0.287277
0.515708 0.264837
-43.9975 -88.4713 -0.271058
0 0.986403 -0.164343
0.20124 0.108882
43.3689 -88.4713 -0.271058
0 0.986403 -0.164343
0.20124 0.264837
-43.9975 73.633 83.6526
0 -0.88572 -0.464221
0.55919 0.108882
-43.9975 66.2322 95.2018
0 -0.793985 -0.607938
0.60845 0.108882
43.3689 73.633 83.6526
0 -0.88572 -0.464221
0.55919 0.264837
43.3689 66.2322 95.2018
0 -0.793985 -0.607938
0.60845 0.264837
-43.9975 -69.9036 83.6526
0 0.893389 -0.449285
0.55919 0.108882
43.3689 -69.9036 83.6526
0 0.893389 -0.449285
0.55919 0.264837
-43.9975 -61.0697 97.7287
0 0.799751 -0.600331
0.619227 0.108882
43.3689 -61.0697 97.7287
0 0.799751 -0.600331
0.619227 0.264837
-43.9975 29.4933 126.047
0 -0.519075 -0.854729
0.740012 0.108882
-43.9975 16.9431 133.027
0 -0.329659 -0.9441
0.769073 0.108882
43.3689 29.4933 126.047
0 -0.519075 -0.854729
0.740012 0.264837
43.3689 16.9431 133.027
0 -0.329659 -0.9441
0.769073 0.264837
-43.9975 46.3828 114.885
0 -0.609468 -0.792811
0.692403 0.108882
43.3689 46.3828 114.885
0 -0.609468 -0.792811
0.692403 0.264837
-43.9975 -27.543 126.047
0 0.509676 -0.860367
0.740012 0.108882
-43.9975 -41.5037 116.453
0 0.610435 -0.792066
0.699091 0.108882
43.3689 -27.543 126.047
0 0.509676 -0.860367
0.740012 0.264837
43.3689 -41.5037 116.453
0 0.610435 -0.792066
0.699091 0.264837
-43.9975 -12.234 133.776
0 0.286936 -0.95795
0.779502 0.108882
43.3689 -12.234 133.776
0 0.286936 -0.95795
0.779502 0.264837
-43.9975 56.6619 105.746
0 -0.703474 -0.710721
0.653421 0.108882
43.3689 56.6619 105.746
0 -0.703474 -0.710721
0.653421 0.264837
-43.9975 -53.933 105.746
0 0.701336 -0.712831
0.653421 0.108882
43.3689 -53.933 105.746
0 0.701336 -0.712831
0.653421 0.264837
43.3689 2.32619 135.451
0 -0.0248979 -0.99969
0.802828 0.264837
-43.9975 2.32619 135.451
0 -0.0248979 -0.99969
0.802828 0.108882
-50 214.676 328.37
0 1 0
0.3371 0.00487
-50 214.676 299.457
0 1 0
0.3371 0.0648376
50 214.676 328.37
0 1 0
0.5471 0.00487
-7.25959 214.676 299.457
0 1 0
0.426855 0.0648376
7.25958 214.676 299.457
0 1 0
0.457345 0.0648376
50 214.676 164.039
0 1 0
0.5471 0.345708
-7.25959 214.676 273.059
0 1 0
0.426855 0.119591
-50 214.676 164.039
0 1 0
0.3371 0.345708
-43.9975 214.676 164.039
0 1 0
0.349705 0.345708
-43.9975 214.676 153.354
0 1 0
0.349705 0.36787
-30.8831 214.676 153.354
0 1 0
0.377245 0.36787
-30.8831 214.676 219.979
0 1 0
0.377245 0.229684
-27.1881 214.676 229.407
0 1 0
0.385005 0.210129
-21.7687 214.676 236.321
0 1 0
0.396386 0.195789
7.25958 214.676 273.059
0 1 0
0.457345 0.119591
-17.6499 214.676 239.338
0 1 0
0.405035 0.189531
-9.42803 214.676 242.625
0 1 0
0.422301 0.182712
-1.25707 214.676 243.386
0 1 0
0.43946 0.181134
7.54242 214.676 242.927
0 1 0
0.457939 0.182086
17.2132 214.676 239.784
0 1 0
0.478248 0.188605
23.2835 214.676 234.919
0 1 0
0.490995 0.198695
26.6131 214.676 229.407
0 1 0
0.497987 0.210129
30.2546 214.676 219.979
0 1 0
0.505635 0.229684
30.2546 214.676 153.354
0 1 0
0.505635 0.36787
42.7404 214.676 153.354
0 1 0
0.531855 0.36787
42.7404 214.676 164.039
0 1 0
0.531855 0.345708
-50 114.111 328.37
0 -1 0
0.3371 0.00487
50 114.111 328.37
0 -1 0
0.5471 0.00487
-50 114.111 299.457
0 -1 0
0.3371 0.0648376
50 114.111 299.457
0 -1 0
0.5471 0.0648376
7.25958 114.111 299.457
0 -1 0
0.457345 0.0648376
-7.25959 114.111 299.457
0 -1 0
0.426855 0.0648376
-7.25959 114.111 273.059
0 -1 0
0.426855 0.119591
7.25958 114.111 273.059
0 -1 0
0.457345 0.119591
50 114.111 173.467
0 -1 0
0.5471 0.326153
42.7404 114.111 173.467
0 -1 0
0.531855 0.326153
42.7404 114.111 162.782
0 -1 0
0.531855 0.348315
30.2546 114.111 162.782
0 -1 0
0.505635 0.348315
30.2546 114.111 219.979
0 -1 0
0.505635 0.229684
26.6131 114.111 229.407
0 -1 0
0.497987 0.210129
23.2835 114.111 235.208
0 -1 0
0.490995 0.198097
17.2132 114.111 239.897
0 -1 0
0.478248 0.188372
7.54242 114.111 243.055
0 -1 0
0.457939 0.181821
-1.25707 114.111 243.528
0 -1 0
0.43946 0.18084
-9.42803 114.111 242.697
0 -1 0
0.422301 0.182565
-17.6499 114.111 239.338
0 -1 0
0.405035 0.189531
-21.7687 114.111 236.321
0 -1 0
0.396386 0.195789
-27.1881 114.111 229.407
0 -1 0
0.385005 0.210129
-30.8831 114.111 219.979
0 -1 0
0.377245 0.229684
-30.8831 114.111 162.782
0 -1 0
0.377245 0.348315
-43.9975 114.111 162.782
0 -1 0
0.349705 0.348315
-43.9975 114.111 173.467
0 -1 0
0.349705 0.326153
-50 114.111 173.467
0 -1 0
0.3371 0.326153
50 214.676 164.039
1 0 0
0.921 0.368
50 114.111 173.467
1 0 0
0.736276 0.348264
50 214.676 328.37
1 0 0
0.921 0.024
50 114.111 299.457
1 0 0
0.736276 0.084524
50 158.428 299.457
1 0 0
0.81768 0.084524
50 158.507 273.059
1 0 0
0.817825 0.139785
50 173.476 273.059
1 0 0
0.845321 0.139785
50 173.476 299.457
1 0 0
0.845321 0.084524
50 114.111 328.37
1 0 0
0.736276 0.024
-50 214.676 164.039
-1 0 0
0.921 0.368
-50 214.676 299.457
-1 0 0
0.921 0.084524
-50 114.111 173.467
-1 0 0
0.736276 0.348264
-50 214.676 328.37
-1 0 0
0.921 0.024
-50 114.111 328.37
-1 0 0
0.736276 0.024
-50 114.111 299.457
-1 0 0
0.736276 0.084524
-50 158.428 299.457
-1 0 0
0.81768 0.084524
-50 173.476 299.457
-1 0 0
0.845321 0.084524
-50 173.476 273.059
-1 0 0
0.845321 0.139785
-50 158.507 273.059
-1 0 0
0.817825 0.139785
-50 -214.048 164.039
-1 0 0
0.1335 0.368
-50 -114.048 173.467
-1 0 0
0.317185 0.348264
-50 -214.048 328.37
-1 0 0
0.1335 0.024
-50 -114.048 299.457
-1 0 0
0.317185 0.084524
-50 -156.505 299.457
-1 0 0
0.239197 0.084524
-50 -156.505 273.059
-1 0 0
0.239197 0.139785
-50 -170.962 273.059
-1 0 0
0.212643 0.139785
-50 -170.962 299.457
-1 0 0
0.212643 0.084524
-50 -114.048 328.37
-1 0 0
0.317185 0.024
50 -214.048 164.039
1 0 0
0.1335 0.368
50 -214.048 299.457
1 0 0
0.1335 0.084524
50 -114.048 173.467
1 0 0
0.317185 0.348264
50 -214.048 328.37
1 0 0
0.1335 0.024
50 -114.048 328.37
1 0 0
0.317185 0.024
50 -114.048 299.457
1 0 0
0.317185 0.084524
50 -156.505 299.457
1 0 0
0.239197 0.084524
50 -170.962 299.457
1 0 0
0.212643 0.084524
50 -170.962 273.059
1 0 0
0.212643 0.139785
50 -156.505 273.059
1 0 0
0.239197 0.139785
50 -114.048 328.37
0 1 0
0.5471 0.00487
-50 -114.048 328.37
0 1 0
0.3371 0.00487
50 -114.048 299.457
0 1 0
0.5471 0.0648376
-50 -114.048 299.457
0 1 0
0.3371 0.0648376
-7.25959 -114.048 299.457
0 1 0
0.426855 0.0648376
7.25958 -114.048 299.457
0 1 0
0.457345 0.0648376
7.25958 -114.048 273.059
0 1 0
0.457345 0.119591
-7.25959 -114.048 273.059
0 1 0
0.426855 0.119591
-50 -114.048 173.467
0 1 0
0.3371 0.326153
-43.9975 -114.048 173.467
0 1 0
0.349705 0.326153
-43.9975 -114.048 162.782
0 1 0
0.349705 0.348315
-30.8831 -114.048 162.782
0 1 0
0.377245 0.348315
-30.8831 -114.048 219.979
0 1 0
0.377245 0.229684
-27.1881 -114.048 229.407
0 1 0
0.385005 0.210129
-21.7687 -114.048 236.321
0 1 0
0.396386 0.195789
-17.6499 -114.048 239.338
0 1 0
0.405035 0.189531
-9.42803 -114.048 242.704
0 1 0
0.422301 0.18255
-1.25707 -114.048 243.542
0 1 0
0.43946 0.18081
7.54242 -114.048 243.009
0 1 0
0.457939 0.181916
17.2132 -114.048 239.784
0 1 0
0.478248 0.188605
23.2835 -114.048 235.208
0 1 0
0.490995 0.198097
26.6131 -114.048 229.407
0 1 0
0.497987 0.210129
30.2546 -114.048 219.979
0 1 0
0.505635 0.229684
30.2546 -114.048 162.782
0 1 0
0.505635 0.348315
42.7404 -114.048 162.782
0 1 0
0.531855 0.348315
42.7404 -114.048 173.467
0 1 0
0.531855 0.326153
50 -114.048 173.467
0 1 0
0.5471 0.326153
50 -214.048 328.37
0 -1 0
0.5471 0.00487
50 -214.048 299.457
0 -1 0
0.5471 0.0648376
-50 -214.048 328.37
0 -1 0
0.3371 0.00487
7.25958 -214.048 299.457
0 -1 0
0.457345 0.0648376
-7.25959 -214.048 299.457
0 -1 0
0.426855 0.0648376
-50 -214.048 164.039
0 -1 0
0.3371 0.345708
7.25958 -214.048 273.059
0 -1 0
0.457345 0.119591
50 -214.048 164.039
0 -1 0
0.5471 0.345708
42.7404 -214.048 164.039
0 -1 0
0.531855 0.345708
42.7404 -214.048 153.354
0 -1 0
0.531855 0.36787
30.2546 -214.048 153.354
0 -1 0
0.505635 0.36787
30.2546 -214.048 219.979
0 -1 0
0.505635 0.229684
26.6131 -214.048 229.407
0 -1 0
0.497987 0.210129
22.2779 -214.048 235.208
0 -1 0
0.488884 0.198097
-7.25959 -214.048 273.059
0 -1 0
0.426855 0.119591
17.2132 -214.048 239.784
0 -1 0
0.478248 0.188605
7.54242 -214.048 243.009
0 -1 0
0.457939 0.181916
-1.25707 -214.048 243.542
0 -1 0
0.43946 0.18081
-9.42803 -214.048 242.704
0 -1 0
0.422301 0.18255
-17.6499 -214.048 239.338
0 -1 0
0.405035 0.189531
-21.7687 -214.048 236.321
0 -1 0
0.396386 0.195789
-27.1881 -214.048 229.407
0 -1 0
0.385005 0.210129
-30.8831 -214.048 219.979
0 -1 0
0.377245 0.229684
-30.8831 -214.048 153.354
0 -1 0
0.377245 0.36787
-43.9975 -214.048 153.354
0 -1 0
0.349705 0.36787
-43.9975 -214.048 164.039
0 -1 0
0.349705 0.345708
50 6.13804e-05 142.552
0 0.111448 -0.99377
0.281538 0.334981
-50 6.13804e-05 142.552
0 0.111448 -0.99377
0.279548 0.0499879
-50 -214.048 332.738
-0.7812 0 0.624281
0.0435375 0.941385
-50 -114.048 332.738
-0.7812 0 0.624281
0.448162 0.941385
50 -214.048 332.738
0 -0.781199 0.624282
0.429368 0.937942
-50 -214.048 332.738
0 -0.781199 0.624282
0.053368 0.937942
-50 -114.048 332.738
0 0.7812 0.624281
0.053368 0.937942
50 -114.048 332.738
0 0.7812 0.624281
0.429368 0.937942
50 -114.048 332.738
0.7812 0 0.624281
0.448162 0.941385
50 -214.048 332.738
0.7812 0 0.624281
0.0435375 0.941385
-50 214.676 332.738
0 0.779479 0.626429
0.0427465 0.937745
50 214.676 332.738
0 0.779479 0.626429
0.443616 0.937745
50 214.676 332.738
0.7812 0 0.624281
0.453 0.944501
50 114.111 332.738
0.7812 0 0.624281
0.027 0.944501
-50 114.111 332.738
-0.7812 0 0.624281
0.027 0.944501
-50 214.676 332.738
-0.7812 0 0.624281
0.453 0.944501
50 114.111 332.738
0 -0.779479 0.626429
0.0187465 0.661865
-50 114.111 332.738
0 -0.779479 0.626429
0.419616 0.661865
53.25 -111.048 332.738
0 0 1
0.768483 0.668283
50 -114.048 332.738
0 0 1
0.761574 0.660479
-53.25 -111.048 332.738
0 0 1
0.783483 0.660611
-50 -114.048 332.738
0 0 1
0.776574 0.668415
-53.25 -217.048 332.738
0 0 1
0.539377 0.660611
-50 -214.048 332.738
0 0 1
0.546286 0.668415
53.25 -217.048 332.738
0 0 1
0.524377 0.668283
50 -214.048 332.738
0 0 1
0.531286 0.660479
53.25 -217.048 328.37
0 0 -1
0.524377 0.668283
50 -214.048 328.37
0 0 -1
0.531286 0.660479
-53.25 -217.048 328.37
0 0 -1
0.539377 0.660611
-50 -214.048 328.37
0 0 -1
0.546286 0.668415
-53.25 -111.048 328.37
0 0 -1
0.783483 0.660611
-50 -114.048 328.37
0 0 -1
0.776574 0.668415
53.25 -111.048 328.37
0 0 -1
0.768483 0.668283
50 -114.048 328.37
0 0 -1
0.761574 0.660479
52.75 217.19 332.738
0 0 1
0.779377 0.667083
50 214.676 332.738
0 0 1
0.773587 0.660479
-52.75 217.19 332.738
0 0 1
0.779377 0.660533
-50 214.676 332.738
0 0 1
0.773587 0.667137
-52.75 111.597 332.738
0 0 1
0.536207 0.660533
-50 114.111 332.738
0 0 1
0.541996 0.667137
52.75 111.597 332.738
0 0 1
0.536207 0.667083
50 114.111 332.738
0 0 1
0.541996 0.660479
-52.75 217.19 328.37
0 0 -1
0.779377 0.660533
-50 214.676 328.37
0 0 -1
0.773587 0.667137
52.75 217.19 328.37
0 0 -1
0.779377 0.667083
50 214.676 328.37
0 0 -1
0.773587 0.660479
52.75 111.597 328.37
0 0 -1
0.536207 0.667083
50 114.111 328.37
0 0 -1
0.541996 0.660479
-52.75 111.597 328.37
0 0 -1
0.536207 0.660533
-50 114.111 328.37
0 0 -1
0.541996 0.667137
50 314.613 -0.0714638
0 1 0
0.23736 0.357321
50 314.613 154.611
0 1 0
0.23736 0.014894
-50 314.613 -0.0714638
0 1 0
0.0133601 0.357321
42.7404 314.613 154.611
0 1 0
0.221099 0.014894
42.7404 314.613 143.926
0 1 0
0.221099 0.038548
-43.9975 314.613 143.926
0 1 0
0.0268057 0.038548
-50 314.613 154.611
0 1 0
0.0133601 0.014894
-43.9975 314.613 154.611
0 1 0
0.0268057 0.014894
[ INDEX_DATA ]
0 2 1
1 2 3
4 6 5
5 6 7
8 10 9
9 10 11
12 14 13
13 14 15
16 18 17
17 18 19
20 22 21
21 22 23
24 26 25
25 26 27
28 30 29
29 30 31
32 33 16
16 33 18
34 35 20
20 35 22
36 37 24
24 37 26
38 39 28
28 39 30
40 41 32
32 41 33
42 43 34
34 43 35
44 45 36
36 45 37
46 47 38
38 47 39
48 50 49
49 50 51
52 54 53
53 54 55
56 58 57
57 58 59
60 62 61
61 62 63
64 66 65
65 66 67
68 70 69
69 70 71
72 74 73
73 74 75
76 78 77
77 78 79
80 82 81
81 82 83
84 86 85
85 86 87
88 90 89
89 90 91
92 94 93
93 94 95
96 98 97
97 98 99
100 102 101
101 102 103
104 106 105
105 106 107
108 110 109
109 110 111
112 114 113
115 113 109
109 113 108
113 114 108
116 118 117
119 117 104
104 117 106
117 118 106
120 122 121
121 122 123
124 126 125
125 126 127
128 130 129
131 129 132
132 129 133
133 129 134
129 130 134
134 130 135
136 138 137
137 138 139
140 142 141
141 142 143
144 146 145
145 146 147
148 150 149
149 150 151
152 154 153
153 154 155
156 158 157
157 158 159
160 162 161
161 162 163
160 41 162
162 41 40
164 165 42
42 165 43
166 167 164
164 167 165
168 169 44
44 169 45
168 161 169
169 161 163
166 170 167
167 170 171
170 47 171
171 47 46
172 174 173
173 174 175
176 178 177
177 178 179
180 182 181
181 182 183
184 186 185
185 186 187
188 190 189
189 190 191
192 194 193
193 194 195
196 198 197
197 198 199
200 202 201
201 202 203
204 206 205
205 206 207
208 210 209
209 210 211
212 214 213
213 214 215
216 218 217
217 218 219
220 222 221
221 222 223
224 226 225
225 226 227
228 230 229
229 230 231
232 234 233
233 234 235
236 238 237
237 238 239
240 242 241
241 242 243
244 246 245
245 246 247
248 250 249
249 250 251
252 254 253
253 254 255
256 258 257
257 258 259
260 262 261
261 262 263
264 266 265
265 266 267
268 270 269
269 270 271
272 274 273
273 274 275
276 278 277
277 278 279
280 282 281
281 282 283
284 286 285
285 286 287
288 290 289
289 290 291
292 294 293
293 294 295
296 298 297
297 298 299
300 302 301
301 302 303
304 306 305
305 306 307
308 310 309
309 310 311
312 314 313
313 314 315
316 318 317
317 318 319
320 322 321
321 322 323
324 326 325
325 326 327
328 330 329
329 330 331
332 334 333
333 334 335
336 338 337
337 338 339
340 342 341
341 342 343
344 346 345
345 346 347
348 350 349
349 350 351
352 354 353
353 354 355
356 358 357
357 358 359
360 362 361
361 362 363
364 366 365
365 366 367
368 370 369
369 370 371
372 374 373
373 374 375
376 378 377
377 378 379
380 382 381
381 382 383
384 386 385
385 386 387
388 390 389
389 390 391
392 394 393
393 394 395
396 398 397
397 398 399
400 402 401
401 402 403
404 406 405
405 406 407
408 410 409
409 410 411
412 414 413
413 414 415
416 418 417
417 418 419
420 422 421
421 422 423
424 426 425
425 426 427
428 430 429
429 430 431
432 434 433
433 434 435
436 438 437
437 438 439
440 442 441
441 442 443
444 446 445
445 446 447
448 450 449
449 450 451
452 454 453
453 454 455
456 458 457
457 458 459
460 462 461
461 462 107
107 462 105
105 462 463
464 466 465
467 465 110
110 465 111
465 466 111
468 470 469
469 470 471
471 470 472
472 470 473
473 470 474
474 470 475
475 470 476
470 477 476
476 477 478
478 477 479
479 477 480
481 483 482
482 483 484
484 483 485
485 483 486
486 483 487
483 488 487
487 488 489
489 488 490
490 488 491
491 488 492
492 488 493
493 488 494
495 497 496
496 497 498
498 497 499
499 497 500
500 497 501
501 497 502
502 497 503
503 497 504
504 497 505
497 506 505
505 506 507
507 506 508
509 511 510
510 511 512
512 511 513
513 511 514
514 511 515
511 516 515
515 516 517
517 516 518
518 516 519
519 516 520
520 516 521
522 524 523
523 524 525
523 525 526
526 525 527
528 530 529
529 530 531
529 531 532
532 531 533
534 536 535
535 536 537
526 527 538
538 527 539
528 540 530
530 540 541
542 543 540
540 543 541
544 546 545
545 546 547
548 549 546
546 549 547
550 552 551
551 552 553
554 555 552
552 555 553
548 556 549
549 556 557
534 535 556
556 535 557
558 560 559
559 560 561
550 551 560
560 551 561
562 564 563
563 564 565
566 567 562
562 567 564
568 570 569
569 570 571
572 573 568
568 573 570
574 576 575
575 576 577
574 575 566
566 575 567
578 569 579
579 569 571
578 579 580
580 579 581
582 584 583
583 584 585
582 583 586
586 583 587
588 590 589
589 590 591
588 589 592
592 589 593
594 586 595
595 586 587
596 597 576
576 597 577
598 600 599
599 600 601
598 599 590
590 599 591
602 585 603
603 585 584
545 604 544
544 604 605
606 608 607
607 608 609
610 612 611
611 612 613
608 614 609
609 614 615
616 610 617
617 610 611
618 620 619
619 620 621
622 624 623
623 624 625
620 626 621
621 626 627
628 622 629
629 622 623
630 632 631
631 632 633
634 636 635
635 636 637
614 630 615
615 630 631
636 616 637
637 616 617
638 618 639
639 618 619
624 640 625
625 640 641
642 638 643
643 638 639
640 644 641
641 644 645
646 648 647
647 648 649
650 652 651
651 652 653
654 646 655
655 646 647
652 656 653
653 656 657
658 660 659
659 660 661
662 664 663
663 664 665
666 658 667
667 658 659
664 668 665
665 668 669
670 654 671
671 654 655
656 672 657
657 672 673
632 670 633
633 670 671
672 634 673
673 634 635
674 642 675
675 642 643
644 676 645
645 676 677
660 674 661
661 674 675
676 662 677
677 662 663
678 650 679
679 650 651
648 680 649
649 680 681
682 684 683
683 684 685
686 682 687
687 682 683
688 690 689
689 690 691
692 688 693
693 688 689
694 696 695
695 696 697
694 686 696
696 686 687
698 699 690
690 699 691
698 700 699
699 700 701
702 704 703
703 704 705
702 706 704
704 706 707
708 710 709
709 710 711
708 712 710
710 712 713
714 715 706
706 715 707
714 695 715
715 695 697
716 717 700
700 717 701
716 709 717
717 709 711
705 718 703
703 718 719
720 722 721
721 722 723
723 722 724
722 725 724
723 726 721
727 721 728
729 728 730
728 721 730
730 721 731
731 721 732
721 726 732
732 726 733
726 734 733
733 734 735
735 734 736
736 734 737
737 734 738
734 724 738
738 724 739
739 724 740
740 724 741
741 724 742
724 725 742
743 742 744
744 742 745
742 725 745
746 748 747
749 747 750
750 747 751
747 748 751
751 748 752
750 753 749
754 749 755
756 755 757
755 749 757
757 749 758
758 749 759
749 753 759
759 753 760
753 752 760
752 748 760
760 748 761
761 748 762
762 748 763
763 748 764
764 748 765
765 748 766
766 748 767
767 748 768
768 748 769
770 769 771
769 748 771
771 748 772
773 775 774
776 774 777
777 774 778
778 774 779
774 775 779
779 775 780
780 775 777
777 775 776
776 775 781
782 784 783
783 784 785
786 785 787
787 785 788
788 785 789
789 785 790
785 784 790
790 784 791
791 784 788
788 784 787
792 794 793
795 793 796
796 793 797
797 793 798
793 794 798
798 794 799
799 794 796
796 794 795
795 794 800
801 803 802
802 803 804
805 804 806
806 804 807
807 804 808
808 804 809
804 803 809
809 803 810
810 803 807
807 803 806
811 813 812
814 812 815
815 812 816
812 813 816
816 813 817
815 818 814
819 814 820
821 820 822
820 814 822
822 814 823
823 814 824
814 818 824
824 818 825
818 817 825
817 813 825
825 813 826
826 813 827
827 813 828
828 813 829
829 813 830
830 813 831
831 813 832
832 813 833
833 813 834
835 834 836
834 813 836
836 813 837
838 840 839
839 840 841
841 840 842
840 843 842
841 844 839
845 839 846
847 846 848
846 839 848
848 839 849
849 839 850
839 844 850
850 844 851
844 852 851
851 852 853
853 852 854
854 852 855
855 852 856
852 842 856
856 842 857
857 842 858
858 842 859
859 842 860
842 843 860
861 860 862
862 860 863
860 843 863
554 605 555
555 605 864
864 605 604
669 668 679
679 668 678
592 593 603
602 603 865
603 593 865
667 681 666
666 681 680
712 719 713
713 719 718
866 77 867
867 77 79
868 73 869
869 73 75
870 65 871
871 65 67
872 69 873
873 69 71
874 49 875
875 49 51
876 53 877
877 53 55
878 61 879
879 61 63
880 57 881
881 57 59
882 884 883
883 884 885
884 886 885
885 886 887
886 888 887
887 888 889
888 882 889
889 882 883
890 892 891
891 892 893
892 894 893
893 894 895
894 896 895
895 896 897
896 890 897
897 890 891
898 900 899
899 900 901
900 902 901
901 902 903
902 904 903
903 904 905
905 904 899
899 904 898
906 908 907
907 908 909
908 910 909
909 910 911
910 912 911
911 912 913
913 912 907
907 912 906
914 916 915
917 915 918
915 916 918
918 916 919
916 920 919
919 920 921

