[ MESH_DATA ]
375
834
3
1

[ VERTEX_DATA ]
590 110 5.04073
9.53671e-08 1.64726e-07 1
0.94847 0.98976
0 0 0 0
1 0 0 0
590 7.62939e-06 5.04075
9.53671e-08 1.64726e-07 1
0.94847 0.448208
0 0 0 0
1 0 0 0
570 7.62939e-06 5.04075
9.53671e-08 1.64726e-07 1
0.850006 0.448208
0 0 0 0
1 0 0 0
570 110 5.04073
9.53671e-08 1.64726e-07 1
0.850006 0.98976
0 0 0 0
1 0 0 0
590 110 -14.9593
0 -1.56056e-07 -1
0.850006 0.98976
0 0 0 0
1 0 0 0
570 110 -14.9593
0 -1.56056e-07 -1
0.94847 0.98976
0 0 0 0
1 0 0 0
570 3.8147e-06 -14.9593
0 -1.56056e-07 -1
0.94847 0.448208
0 0 0 0
1 0 0 0
590 3.8147e-06 -14.9593
0 -1.56056e-07 -1
0.850006 0.448208
0 0 0 0
1 0 0 0
590 3.8147e-06 -14.9593
9.09494e-15 -1 1.90735e-07
0.832172 0.246809
0 0 0 0
1 0 0 0
570 3.8147e-06 -14.9593
0 -1 1.90735e-07
0.930636 0.246809
0 0 0 0
1 0 0 0
570 7.62939e-06 5.04075
9.0949e-15 -1 1.90735e-07
0.930636 0.148344
0 0 0 0
1 0 0 0
590 7.62939e-06 5.04075
1.81898e-14 -1 1.90735e-07
0.832172 0.148344
0 0 0 0
1 0 0 0
590 110 -14.9593
1 0 0
0.850006 0.98976
0 0 0 0
1 0 0 0
590 3.8147e-06 -14.9593
1 0 0
0.850006 0.448208
0 0 0 0
1 0 0 0
590 7.62939e-06 5.04075
1 0 0
0.751542 0.448208
0 0 0 0
1 0 0 0
590 110 5.04073
1 0 0
0.751542 0.98976
0 0 0 0
1 0 0 0
570 110 -14.9593
-1.81899e-14 1 -3.8147e-07
0.930636 0.148344
0 0 0 0
1 0 0 0
590 110 -14.9593
0 1 -3.8147e-07
0.832172 0.148344
0 0 0 0
1 0 0 0
590 110 5.04073
-1.81898e-14 1 -3.8147e-07
0.832172 0.246809
0 0 0 0
1 0 0 0
570 110 5.04073
-3.63797e-14 1 -3.8147e-07
0.930636 0.246809
0 0 0 0
1 0 0 0
570 3.8147e-06 -14.9593
-1 0 0
0.751542 0.448208
0 0 0 0
1 0 0 0
570 110 -14.9593
-1 0 0
0.751542 0.98976
0 0 0 0
1 0 0 0
570 110 5.04073
-1 0 0
0.850006 0.98976
0 0 0 0
1 0 0 0
570 7.62939e-06 5.04075
-1 0 0
0.850006 0.448208
0 0 0 0
1 0 0 0
590.663 90 -2.45928
-2.51381e-07 -4.76837e-08 1
0.599639 0.209
1 0 0 0
1 0 0 0
750 90 -2.45924
-2.51381e-07 -4.76837e-08 1
0.00885428 0.209
1 0 0 0
1 0 0 0
750 70 -2.45924
-2.51381e-07 -4.76837e-08 1
0.00885428 0.307464
1 0 0 0
1 0 0 0
590.663 70 -2.45928
-2.51381e-07 -4.76837e-08 1
0.599639 0.307464
1 0 0 0
1 0 0 0
590.663 90 -7.45928
2.63351e-07 0 -1
0.599639 0.307464
1 0 0 0
1 0 0 0
590.663 70 -7.45928
2.63351e-07 0 -1
0.599639 0.209
1 0 0 0
1 0 0 0
750 70 -7.45924
2.63351e-07 0 -1
0.00885428 0.209
1 0 0 0
1 0 0 0
750 90 -7.45924
2.63351e-07 0 -1
0.00885428 0.307464
1 0 0 0
1 0 0 0
750 90 -7.45924
1 0 0
0.831222 0.305658
1 0 0 0
1 0 0 0
750 70 -7.45924
1 0 0
0.929686 0.305658
1 0 0 0
1 0 0 0
750 70 -2.45924
1 0 0
0.929686 0.281042
1 0 0 0
1 0 0 0
750 90 -2.45924
1 0 0
0.831222 0.281042
1 0 0 0
1 0 0 0
590.663 90 -7.45928
3.33263e-07 1 -1.46493e-06
0.989407 0.794634
1 0 0 0
1 0 0 0
750 90 -7.45924
2.3941e-07 1 1.52588e-06
0.989406 0.20385
1 0 0 0
1 0 0 0
750 90 -2.45924
2.41322e-07 1 1.46493e-06
0.964791 0.20385
1 0 0 0
1 0 0 0
590.663 90 -2.45928
3.35175e-07 1 -1.52588e-06
0.964791 0.794634
1 0 0 0
1 0 0 0
590.663 70 -7.45928
-1 0 0
0.831222 0.305658
1 0 0 0
1 0 0 0
590.663 90 -7.45928
-1 0 0
0.929686 0.305658
1 0 0 0
1 0 0 0
590.663 90 -2.45928
-1 0 0
0.929686 0.281042
1 0 0 0
1 0 0 0
590.663 70 -2.45928
-1 0 0
0.831222 0.281042
1 0 0 0
1 0 0 0
750 70 -7.45924
-2.87292e-07 -1 0
0.989406 0.794634
1 0 0 0
1 0 0 0
590.663 70 -7.45928
-2.87293e-07 -1 0
0.989406 0.20385
1 0 0 0
1 0 0 0
590.663 70 -2.45928
-2.87292e-07 -1 0
0.964791 0.20385
1 0 0 0
1 0 0 0
750 70 -2.45924
-2.87292e-07 -1 0
0.96479 0.794634
1 0 0 0
1 0 0 0
590.663 30 -2.45928
-2.51381e-07 4.76837e-08 1
0.599638 0.10239
1 0 0 0
1 0 0 0
750 30 -2.45924
-2.51381e-07 4.76837e-08 1
0.00885428 0.10239
1 0 0 0
1 0 0 0
750 9.99999 -2.45924
-2.51381e-07 4.76837e-08 1
0.00885428 0.200854
1 0 0 0
1 0 0 0
590.663 10 -2.45928
-2.51381e-07 4.76837e-08 1
0.599638 0.200853
1 0 0 0
1 0 0 0
590.663 30 -7.45928
2.63351e-07 0 -1
0.599638 0.200854
1 0 0 0
1 0 0 0
590.663 10 -7.45928
2.63351e-07 0 -1
0.599638 0.10239
1 0 0 0
1 0 0 0
750 9.99998 -7.45924
2.63351e-07 0 -1
0.00885428 0.10239
1 0 0 0
1 0 0 0
750 30 -7.45924
2.63351e-07 0 -1
0.00885428 0.200854
1 0 0 0
1 0 0 0
750 30 -7.45924
1 0 0
0.831222 0.305658
1 0 0 0
1 0 0 0
750 9.99998 -7.45924
1 0 0
0.929686 0.305658
1 0 0 0
1 0 0 0
750 9.99999 -2.45924
1 0 0
0.929686 0.281042
1 0 0 0
1 0 0 0
750 30 -2.45924
1 0 0
0.831222 0.281042
1 0 0 0
1 0 0 0
590.663 30 -7.45928
3.35653e-07 1 -3.96706e-07
0.989893 0.796418
1 0 0 0
1 0 0 0
750 30 -7.45924
3.59116e-07 1 -1.14441e-06
0.989893 0.205633
1 0 0 0
1 0 0 0
750 30 -2.45924
3.58638e-07 1 -1.12917e-06
0.965276 0.205633
1 0 0 0
1 0 0 0
590.663 30 -2.45928
3.35175e-07 1 -3.8147e-07
0.965277 0.796418
1 0 0 0
1 0 0 0
590.663 10 -7.45928
-1 0 0
0.831222 0.305658
1 0 0 0
1 0 0 0
590.663 30 -7.45928
-1 0 0
0.929686 0.305658
1 0 0 0
1 0 0 0
590.663 30 -2.45928
-1 0 0
0.929686 0.281042
1 0 0 0
1 0 0 0
590.663 10 -2.45928
-1 0 0
0.831222 0.281042
1 0 0 0
1 0 0 0
750 9.99998 -7.45924
-2.64308e-07 -1 1.49541e-06
0.989893 0.796418
1 0 0 0
1 0 0 0
590.663 10 -7.45928
-3.11234e-07 -1 0
0.989893 0.205633
1 0 0 0
1 0 0 0
590.663 10 -2.45928
-3.10277e-07 -1 3.04723e-08
0.965276 0.205633
1 0 0 0
1 0 0 0
750 9.99999 -2.45924
-2.63352e-07 -1 1.52588e-06
0.965277 0.796418
1 0 0 0
1 0 0 0
730 1.14441e-05 2.54075
-1.45812e-08 1.60273e-07 1
0.424892 0.991299
1 0 0 0
1 0 0 0
730 110 2.54074
4.98513e-08 1.47386e-07 1
0.424954 0.450119
1 0 0 0
1 0 0 0
750 100 2.54074
4.27011e-08 1.48816e-07 1
0.326443 0.499349
1 0 0 0
1 0 0 0
750 1.14441e-05 2.54076
-2.38419e-08 1.62125e-07 1
0.326475 0.991315
1 0 0 0
1 0 0 0
730 7.62939e-06 -2.45925
-3.26848e-09 -1.51934e-07 -1
0.424791 0.991392
1 0 0 0
1 0 0 0
750 7.62939e-06 -2.45925
0 -1.52588e-07 -1
0.326429 0.991369
1 0 0 0
1 0 0 0
750 100 -2.45926
-2.34858e-08 -1.47891e-07 -1
0.326443 0.499349
1 0 0 0
1 0 0 0
730 110 -2.45926
-2.60094e-08 -1.47386e-07 -1
0.425111 0.450176
1 0 0 0
1 0 0 0
730 1.14441e-05 2.54075
-2.83688e-15 -1 7.62939e-07
0.92964 0.281026
1 0 0 0
1 0 0 0
750 1.14441e-05 2.54076
-1.81899e-14 -1 7.62939e-07
0.831222 0.281042
1 0 0 0
1 0 0 0
750 7.62939e-06 -2.45925
-1.53531e-14 -1 7.62939e-07
0.831267 0.305597
1 0 0 0
1 0 0 0
730 7.62939e-06 -2.45925
0 -1 7.62939e-07
0.929676 0.305591
1 0 0 0
1 0 0 0
750 1.14441e-05 2.54076
1 0 0
0.989725 0.695904
1 0 0 0
1 0 0 0
750 100 2.54074
1 0 0
0.989693 0.203938
1 0 0 0
1 0 0 0
750 100 -2.45926
1 0 0
0.964946 0.203907
1 0 0 0
1 0 0 0
750 7.62939e-06 -2.45925
1 0 0
0.96496 0.695926
1 0 0 0
1 0 0 0
750 100 2.54074
0.447215 0.894427 -1.36479e-06
0.831267 0.305597
1 0 0 0
1 0 0 0
730 110 2.54074
0.447215 0.894427 -1.36479e-06
0.941354 0.305597
1 0 0 0
1 0 0 0
730 110 -2.45926
0.447215 0.894427 -1.36479e-06
0.941354 0.280981
1 0 0 0
1 0 0 0
750 100 -2.45926
0.447215 0.894427 -1.36479e-06
0.831267 0.280981
1 0 0 0
1 0 0 0
730 110 2.54074
-1 0 0
0.964791 0.20385
1 0 0 0
1 0 0 0
730 1.14441e-05 2.54075
-1 0 0
0.964727 0.74503
1 0 0 0
1 0 0 0
730 7.62939e-06 -2.45925
-1 0 0
0.989207 0.745066
1 0 0 0
1 0 0 0
730 110 -2.45926
-1 0 0
0.989541 0.203846
1 0 0 0
1 0 0 0
712.83 7.62939e-06 2.54075
5.07521e-08 1.46609e-07 1
0.480701 0.991203
1 0 0 0
1 0 0 0
712.83 124.198 2.54074
1.89184e-09 1.50022e-07 1
0.480701 0.378144
1 0 0 0
1 0 0 0
722.83 110 2.54074
1.02515e-07 1.42401e-07 1
0.431339 0.448229
1 0 0 0
1 0 0 0
722.83 1.14441e-05 2.54075
-5.78769e-14 1.51721e-07 1
0.431339 0.991203
1 0 0 0
1 0 0 0
722.83 110 -2.45926
-9.72594e-08 -1.38544e-07 -1
0.530062 0.448229
1 0 0 0
1 0 0 0
712.83 124.198 -2.45926
0 -1.38215e-07 -1
0.4807 0.378144
1 0 0 0
1 0 0 0
712.83 3.8147e-06 -2.45925
5.31506e-14 -1.46857e-07 -1
0.4807 0.991203
1 0 0 0
1 0 0 0
722.83 7.62939e-06 -2.45925
5.62233e-14 -1.47386e-07 -1
0.530062 0.991203
1 0 0 0
1 0 0 0
722.83 7.62939e-06 -2.45925
3.8147e-07 -1 7.62939e-07
0.831312 0.305601
1 0 0 0
1 0 0 0
712.83 3.8147e-06 -2.45925
3.8147e-07 -1 7.62939e-07
0.880674 0.305601
1 0 0 0
1 0 0 0
712.83 7.62939e-06 2.54075
3.8147e-07 -1 7.6294e-07
0.880674 0.280921
1 0 0 0
1 0 0 0
722.83 1.14441e-05 2.54075
3.8147e-07 -1 7.62939e-07
0.831312 0.280921
1 0 0 0
1 0 0 0
702.83 3.8147e-06 2.54076
-1 0 0
0.965013 0.746849
1 0 0 0
1 0 0 0
702.83 0 -2.45925
-1 0 0
0.989693 0.746849
1 0 0 0
1 0 0 0
702.83 110 -2.45926
-1 0 0
0.989693 0.203876
1 0 0 0
1 0 0 0
702.83 110 2.54074
-1 0 0
0.965013 0.203875
1 0 0 0
1 0 0 0
702.83 110 -2.45926
-0.817576 0.57582 -7.21829e-07
0.901398 0.280921
1 0 0 0
1 0 0 0
712.83 124.198 -2.45926
0 1 0
0.831312 0.280921
1 0 0 0
1 0 0 0
712.83 124.198 2.54074
0 1 -2.72313e-07
0.831312 0.305601
1 0 0 0
1 0 0 0
702.83 110 2.54074
-0.817576 0.575821 -8.78632e-07
0.901397 0.305601
1 0 0 0
1 0 0 0
722.83 110 2.54074
1 0 0
0.989693 0.203875
1 0 0 0
1 0 0 0
722.83 110 -2.45926
1 0 0
0.965013 0.203875
1 0 0 0
1 0 0 0
722.83 7.62939e-06 -2.45925
1 0 0
0.965013 0.746849
1 0 0 0
1 0 0 0
722.83 1.14441e-05 2.54075
1 0 0
0.989693 0.746849
1 0 0 0
1 0 0 0
615 0 -2.45926
1.74938e-07 8.26712e-08 -1
0.212473 0.991163
1 0 0 0
1 0 0 0
615 110 -2.45925
6.50234e-08 6.06884e-08 -1
0.212536 0.449984
1 0 0 0
1 0 0 0
595 100 -2.45925
7.72208e-08 6.31278e-08 -1
0.114024 0.499213
1 0 0 0
1 0 0 0
595 7.62939e-06 -2.45926
1.90735e-07 8.58307e-08 -1
0.114056 0.991179
1 0 0 0
1 0 0 0
615 3.8147e-06 2.54074
-1.36242e-07 -7.01637e-08 1
0.212372 0.991256
1 0 0 0
1 0 0 0
595 1.14441e-05 2.54074
-1.43052e-07 -7.15256e-08 1
0.114011 0.991233
1 0 0 0
1 0 0 0
595 100 2.54075
-9.41229e-08 -6.17399e-08 1
0.114024 0.499213
1 0 0 0
1 0 0 0
615 110 2.54075
-8.88654e-08 -6.06884e-08 1
0.212692 0.450041
1 0 0 0
1 0 0 0
615 0 -2.45926
-3.81471e-07 -1 7.6294e-07
0.929684 0.280965
1 0 0 0
1 0 0 0
595 7.62939e-06 -2.45926
-3.81471e-07 -1 7.62939e-07
0.831267 0.280981
1 0 0 0
1 0 0 0
595 1.14441e-05 2.54074
-3.81471e-07 -1 7.62939e-07
0.831312 0.305537
1 0 0 0
1 0 0 0
615 3.8147e-06 2.54074
-3.81471e-07 -1 7.6294e-07
0.929721 0.30553
1 0 0 0
1 0 0 0
595 7.62939e-06 -2.45926
-1 0 0
0.990055 0.697631
1 0 0 0
1 0 0 0
595 100 -2.45925
-1 0 0
0.990023 0.205665
1 0 0 0
1 0 0 0
595 100 2.54075
-1 0 0
0.965276 0.205633
1 0 0 0
1 0 0 0
595 1.14441e-05 2.54074
-1 0 0
0.965289 0.697653
1 0 0 0
1 0 0 0
595 100 -2.45925
-0.447215 0.894427 -1.36479e-06
0.831312 0.305537
1 0 0 0
1 0 0 0
615 110 -2.45925
-0.447215 0.894427 -1.36479e-06
0.941399 0.305537
1 0 0 0
1 0 0 0
615 110 2.54075
-0.447215 0.894427 -1.36479e-06
0.941399 0.280921
1 0 0 0
1 0 0 0
595 100 2.54075
-0.447215 0.894427 -1.36479e-06
0.831312 0.280921
1 0 0 0
1 0 0 0
615 110 -2.45925
1 0 0
0.965276 0.205633
1 0 0 0
1 0 0 0
615 0 -2.45926
1 0 0
0.965214 0.746813
1 0 0 0
1 0 0 0
615 3.8147e-06 2.54074
1 0 0
0.989693 0.746849
1 0 0 0
1 0 0 0
615 110 2.54075
1 0 0
0.990027 0.205629
1 0 0 0
1 0 0 0
609.162 88.6925 -7.45928
-1.45495e-07 1.85119e-07 1
0.585052 0.209
1 0 0 0
1 0 0 0
742.976 28.1674 -7.45925
-1.92139e-07 1.10931e-07 1
0.00885428 0.209
1 0 0 0
1 0 0 0
732.976 10.847 -7.45925
-1.87986e-07 1.17536e-07 1
0.00885428 0.308979
1 0 0 0
1 0 0 0
599.162 71.372 -7.45928
-1.41342e-07 1.91725e-07 1
0.585052 0.308979
1 0 0 0
1 0 0 0
609.162 88.6925 -12.4593
3.00882e-07 3.7524e-08 -1
0.00885428 0.208999
1 0 0 0
1 0 0 0
599.162 71.3719 -12.4593
3.05035e-07 4.41295e-08 -1
0.00885428 0.308979
1 0 0 0
1 0 0 0
732.976 10.8469 -12.4592
2.58392e-07 -3.00574e-08 -1
0.585052 0.308979
1 0 0 0
1 0 0 0
742.976 28.1675 -12.4592
2.54239e-07 -3.66629e-08 -1
0.585052 0.208999
1 0 0 0
1 0 0 0
742.976 28.1675 -12.4592
0.866027 -0.499998 -5.24964e-07
0.989785 0.790331
1 0 0 0
1 0 0 0
732.976 10.8469 -12.4592
0.866027 -0.499998 7.62936e-07
0.989785 0.703747
1 0 0 0
1 0 0 0
732.976 10.847 -7.45925
0.866027 -0.499998 5.24964e-07
0.964791 0.703747
1 0 0 0
1 0 0 0
742.976 28.1674 -7.45925
0.866027 -0.499998 -7.62937e-07
0.964791 0.790331
1 0 0 0
1 0 0 0
609.162 88.6925 -12.4593
0.412113 0.911133 1.39028e-06
0.989785 0.703747
1 0 0 0
1 0 0 0
742.976 28.1675 -12.4592
0.412113 0.911133 1.39028e-06
0.989785 0.20385
1 0 0 0
1 0 0 0
742.976 28.1674 -7.45925
0.412113 0.911133 1.39028e-06
0.964791 0.20385
1 0 0 0
1 0 0 0
609.162 88.6925 -7.45928
0.412113 0.911133 1.39028e-06
0.964791 0.703747
1 0 0 0
1 0 0 0
599.162 71.3719 -12.4593
-0.866025 0.5 -1.16892e-06
0.989785 0.790331
1 0 0 0
1 0 0 0
609.162 88.6925 -12.4593
-0.866026 0.5 7.62939e-07
0.989785 0.703747
1 0 0 0
1 0 0 0
609.162 88.6925 -7.45928
-0.866026 0.5 4.0598e-07
0.964791 0.703747
1 0 0 0
1 0 0 0
599.162 71.372 -7.45928
-0.866025 0.5 -1.52588e-06
0.964791 0.790331
1 0 0 0
1 0 0 0
732.976 10.8469 -12.4592
-0.412113 -0.911133 1.4204e-06
0.989785 0.703747
1 0 0 0
1 0 0 0
599.162 71.3719 -12.4593
-0.412112 -0.911133 2.78055e-06
0.989785 0.20385
1 0 0 0
1 0 0 0
599.162 71.372 -7.45928
-0.412113 -0.911133 2.75043e-06
0.964791 0.20385
1 0 0 0
1 0 0 0
732.976 10.847 -7.45925
-0.412113 -0.911133 1.39028e-06
0.964791 0.703747
1 0 0 0
1 0 0 0
702.83 3.8147e-06 2.54076
8.37194e-08 1.42993e-07 1
0.530062 0.991203
1 0 0 0
1 0 0 0
702.83 110 2.54074
-1.32363e-07 1.60391e-07 1
0.530062 0.448229
1 0 0 0
1 0 0 0
702.83 110 -2.45926
9.72594e-08 -1.38544e-07 -1
0.431338 0.448229
1 0 0 0
1 0 0 0
702.83 0 -2.45925
5.62233e-14 -1.47386e-07 -1
0.431339 0.991203
1 0 0 0
1 0 0 0
702.83 0 -2.45925
3.8147e-07 -1 7.62939e-07
0.930035 0.305601
1 0 0 0
1 0 0 0
702.83 3.8147e-06 2.54076
3.8147e-07 -1 7.62939e-07
0.930035 0.280921
1 0 0 0
1 0 0 0
722.83 110 -2.45926
0.817576 0.57582 -7.21829e-07
0.901398 0.305601
1 0 0 0
1 0 0 0
722.83 110 2.54074
0.817576 0.575821 -8.78632e-07
0.901398 0.280921
1 0 0 0
1 0 0 0
712.83 124.198 2.54074
0 1 -2.72313e-07
0.831312 0.280921
1 0 0 0
1 0 0 0
712.83 124.198 -2.45926
0 1 0
0.831312 0.305601
1 0 0 0
1 0 0 0
630 7.62939e-06 2.54075
5.07521e-08 1.46609e-07 1
0.691856 0.991203
1 0 0 0
1 0 0 0
630 124.198 2.54074
2.52864e-08 1.48139e-07 1
0.691856 0.378144
1 0 0 0
1 0 0 0
640 110 2.54074
1.02515e-07 1.42401e-07 1
0.642495 0.448229
1 0 0 0
1 0 0 0
640 1.14441e-05 2.54075
-5.78769e-14 1.51721e-07 1
0.642495 0.991203
1 0 0 0
1 0 0 0
640 110 -2.45926
-1.78695e-07 -1.31141e-07 -1
0.741218 0.448229
1 0 0 0
1 0 0 0
630 124.198 -2.45926
0 -1.30537e-07 -1
0.691856 0.378144
1 0 0 0
1 0 0 0
630 3.8147e-06 -2.45925
5.31506e-14 -1.46414e-07 -1
0.691856 0.991203
1 0 0 0
1 0 0 0
640 7.62939e-06 -2.45925
5.62233e-14 -1.47386e-07 -1
0.741218 0.991203
1 0 0 0
1 0 0 0
640 7.62939e-06 -2.45925
3.8147e-07 -1 7.62939e-07
0.930035 0.280921
1 0 0 0
1 0 0 0
630 3.8147e-06 -2.45925
3.8147e-07 -1 7.62939e-07
0.880673 0.280921
1 0 0 0
1 0 0 0
630 7.62939e-06 2.54075
3.8147e-07 -1 7.6294e-07
0.880673 0.305601
1 0 0 0
1 0 0 0
640 1.14441e-05 2.54075
3.8147e-07 -1 7.62939e-07
0.930035 0.305601
1 0 0 0
1 0 0 0
620 3.8147e-06 2.54076
-1 0 0
0.965343 0.748639
1 0 0 0
1 0 0 0
620 0 -2.45925
-1 0 0
0.990023 0.748639
1 0 0 0
1 0 0 0
620 110 -2.45926
-1 0 0
0.990023 0.205665
1 0 0 0
1 0 0 0
620 110 2.54074
-1 0 0
0.965343 0.205665
1 0 0 0
1 0 0 0
620 110 -2.45926
-0.817576 0.57582 -7.21829e-07
0.901397 0.280921
1 0 0 0
1 0 0 0
630 124.198 -2.45926
0 1 0
0.831312 0.280921
1 0 0 0
1 0 0 0
630 124.198 2.54074
0 1 -2.72313e-07
0.831312 0.305601
1 0 0 0
1 0 0 0
620 110 2.54074
-0.817576 0.57582 -8.78632e-07
0.901397 0.305601
1 0 0 0
1 0 0 0
640 110 2.54074
1 0 0
0.990023 0.205665
1 0 0 0
1 0 0 0
640 110 -2.45926
1 0 0
0.965343 0.205665
1 0 0 0
1 0 0 0
640 7.62939e-06 -2.45925
1 0 0
0.965343 0.748639
1 0 0 0
1 0 0 0
640 1.14441e-05 2.54075
1 0 0
0.990023 0.748639
1 0 0 0
1 0 0 0
620 3.8147e-06 2.54076
8.64731e-08 1.42771e-07 1
0.741218 0.991203
1 0 0 0
1 0 0 0
620 110 2.54074
-7.8524e-08 1.56056e-07 1
0.741218 0.448229
1 0 0 0
1 0 0 0
620 110 -2.45926
1.78695e-07 -1.31141e-07 -1
0.642495 0.448229
1 0 0 0
1 0 0 0
620 0 -2.45925
5.62233e-14 -1.47386e-07 -1
0.642495 0.991203
1 0 0 0
1 0 0 0
620 0 -2.45925
3.8147e-07 -1 7.62939e-07
0.831312 0.280921
1 0 0 0
1 0 0 0
620 3.8147e-06 2.54076
3.8147e-07 -1 7.62939e-07
0.831312 0.305601
1 0 0 0
1 0 0 0
640 110 -2.45926
0.817576 0.575821 -7.21829e-07
0.901397 0.305601
1 0 0 0
1 0 0 0
640 110 2.54074
0.817576 0.575821 -8.78632e-07
0.901397 0.280921
1 0 0 0
1 0 0 0
630 124.198 2.54074
0 1 -2.72313e-07
0.831312 0.280921
1 0 0 0
1 0 0 0
630 124.198 -2.45926
0 1 0
0.831312 0.305601
1 0 0 0
1 0 0 0
685.188 7.62939e-06 2.54075
9.59149e-08 1.49755e-07 1
0.587379 0.991203
1 0 0 0
1 0 0 0
685.188 134.466 2.54073
1.81857e-09 1.56667e-07 1
0.587379 0.3276
1 0 0 0
1 0 0 0
695.188 120.267 2.54074
2.00548e-08 1.48995e-07 1
0.538027 0.397671
1 0 0 0
1 0 0 0
695.188 1.14441e-05 2.54075
-5.74734e-14 1.50663e-07 1
0.538027 0.991203
1 0 0 0
1 0 0 0
695.188 120.267 -2.45927
-4.22807e-07 -1.07578e-07 -1
0.63673 0.397671
1 0 0 0
1 0 0 0
685.188 134.466 -2.45926
0 -1.06385e-07 -1
0.587378 0.3276
1 0 0 0
1 0 0 0
685.188 3.8147e-06 -2.45925
5.20197e-14 -1.40814e-07 -1
0.587378 0.991203
1 0 0 0
1 0 0 0
695.188 7.62939e-06 -2.45925
5.44485e-14 -1.42733e-07 -1
0.63673 0.991203
1 0 0 0
1 0 0 0
695.188 7.62939e-06 -2.45925
3.8147e-07 -1 7.62939e-07
0.831312 0.305601
1 0 0 0
1 0 0 0
685.188 3.8147e-06 -2.45925
3.8147e-07 -1 7.62939e-07
0.880663 0.305601
1 0 0 0
1 0 0 0
685.188 7.62939e-06 2.54075
3.8147e-07 -1 7.62939e-07
0.880663 0.280926
1 0 0 0
1 0 0 0
695.188 1.14441e-05 2.54075
3.8147e-07 -1 7.62939e-07
0.831312 0.280926
1 0 0 0
1 0 0 0
675.188 3.8147e-06 2.54076
-1 0 0
0.965276 0.799166
1 0 0 0
1 0 0 0
675.188 0 -2.45925
-1 0 0
0.989952 0.799166
1 0 0 0
1 0 0 0
675.188 120.267 -2.45927
-1 0 0
0.989952 0.205633
1 0 0 0
1 0 0 0
675.188 120.267 2.54074
-1 0 0
0.965276 0.205633
1 0 0 0
1 0 0 0
675.188 120.267 -2.45927
-0.817576 0.575821 -7.21829e-07
0.901383 0.280926
1 0 0 0
1 0 0 0
685.188 134.466 -2.45926
0 1 0
0.831312 0.280926
1 0 0 0
1 0 0 0
685.188 134.466 2.54073
0 1 -2.72313e-07
0.831312 0.305601
1 0 0 0
1 0 0 0
675.188 120.267 2.54074
-0.817576 0.575821 -8.78632e-07
0.901383 0.305601
1 0 0 0
1 0 0 0
695.188 120.267 2.54074
1 0 0
0.989952 0.205633
1 0 0 0
1 0 0 0
695.188 120.267 -2.45927
1 0 0
0.965276 0.205633
1 0 0 0
1 0 0 0
695.188 7.62939e-06 -2.45925
1 0 0
0.965276 0.799166
1 0 0 0
1 0 0 0
695.188 1.14441e-05 2.54075
1 0 0
0.989952 0.799166
1 0 0 0
1 0 0 0
675.188 3.8147e-06 2.54076
1.79561e-07 1.4977e-07 1
0.63673 0.991203
1 0 0 0
1 0 0 0
675.188 120.267 2.54074
-4.57009e-08 1.66522e-07 1
0.63673 0.397671
1 0 0 0
1 0 0 0
675.188 120.267 -2.45927
4.22807e-07 -1.07578e-07 -1
0.538027 0.397671
1 0 0 0
1 0 0 0
675.188 0 -2.45925
5.44485e-14 -1.42733e-07 -1
0.538027 0.991203
1 0 0 0
1 0 0 0
675.188 0 -2.45925
3.8147e-07 -1 7.62939e-07
0.930014 0.305601
1 0 0 0
1 0 0 0
675.188 3.8147e-06 2.54076
3.8147e-07 -1 7.62938e-07
0.930014 0.280926
1 0 0 0
1 0 0 0
695.188 120.267 -2.45927
0.817576 0.575821 -7.21829e-07
0.901383 0.305601
1 0 0 0
1 0 0 0
695.188 120.267 2.54074
0.817576 0.575821 -8.78632e-07
0.901383 0.280926
1 0 0 0
1 0 0 0
685.188 134.466 2.54073
0 1 -2.72313e-07
0.831312 0.280926
1 0 0 0
1 0 0 0
685.188 134.466 -2.45926
0 1 0
0.831312 0.305601
1 0 0 0
1 0 0 0
647.843 92.8597 -2.14894
0.00855904 0.393539 0.919268
0.215259 0.371299
1 0 0 0
1 0 0 0
647.953 89.4749 -2.97094
0.00859708 -0.235715 0.971784
0.213798 0.358805
1 0 0 0
1 0 0 0
591.938 89.7991 -1.46106
-0.436784 0.872799 0.21781
0.0143536 0.378189
1 0 0 0
1 0 0 0
606.403 97.6948 -4.77764
-0.169491 0.985273 0.0225632
0.0696628 0.398901
1 0 0 0
1 0 0 0
647.843 94.699 -5.5917
0.0113174 0.953928 -0.299822
0.21677 0.384804
1 0 0 0
1 0 0 0
611.749 89.1918 -5.74016
-0.0114901 -0.400181 -0.916364
0.0830537 0.430641
1 0 0 0
1 0 0 0
608.185 93.3493 -7.51107
-0.0563884 0.10157 -0.993229
0.0736283 0.414026
1 0 0 0
1 0 0 0
592.566 89.0331 -5.541
-0.301623 0.505616 -0.808317
0.017075 0.395114
1 0 0 0
1 0 0 0
590.807 89.0194 -4.77346
-0.462803 0.831828 -0.306391
0.00984515 0.389518
1 0 0 0
1 0 0 0
647.809 91.294 -7.47826
-0.00234822 -0.00499296 -0.999985
0.217412 0.399575
1 0 0 0
1 0 0 0
647.293 88.759 -6.0791
-0.0166473 -0.477755 -0.878335
0.216304 0.41051
1 0 0 0
1 0 0 0
687.352 93.5286 -2.14892
0.0178132 0.313644 0.949373
0.304865 0.351455
1 0 0 0
1 0 0 0
686.418 97.349 -5.53165
0.0277945 0.979687 -0.198597
0.303562 0.3694
1 0 0 0
1 0 0 0
733.037 92.2536 -5.65478
0.134837 0.954598 -0.265633
0.402888 0.345144
1 0 0 0
1 0 0 0
734.166 91.4078 -2.2309
0.203405 0.647742 0.734205
0.406183 0.332706
1 0 0 0
1 0 0 0
687.334 91.6504 -7.41548
0.00342101 -0.0113012 -0.99993
0.310825 0.388546
1 0 0 0
1 0 0 0
742.712 89.3068 -4.92836
0.577283 0.799553 -0.165705
0.438409 0.340566
1 0 0 0
1 0 0 0
734.166 90.4452 -7.47964
0.175784 0.0377653 -0.983704
0.408415 0.352579
1 0 0 0
1 0 0 0
734.357 88.8425 -5.70665
0.0635751 -0.736922 -0.672981
0.412507 0.359536
1 0 0 0
1 0 0 0
687.334 87.8984 -5.9837
-0.00273051 -0.366493 -0.930417
0.313985 0.402061
1 0 0 0
1 0 0 0
734.219 89.4263 -2.07215
0.166074 0.0778458 0.983036
0.407485 0.326188
1 0 0 0
1 0 0 0
687.06 89.7379 -2.62692
-0.00508097 -0.127879 0.991777
0.302039 0.338041
1 0 0 0
1 0 0 0
620.863 35.5266 -2.14894
-0.0601432 0.487896 0.870828
0.133752 0.382687
1 0 0 0
1 0 0 0
620.253 28.2869 -2.97094
-0.0153507 -0.111525 0.993643
0.129363 0.357019
1 0 0 0
1 0 0 0
592.033 30.2531 -3.41491
-0.191939 0.97224 -0.133825
0.0274673 0.386926
1 0 0 0
1 0 0 0
620.863 37.3658 -5.5917
-0.106136 0.925906 -0.362537
0.134147 0.395907
1 0 0 0
1 0 0 0
592.033 29.4871 -7.14702
-0.149959 0.951042 -0.270243
0.0279706 0.399832
1 0 0 0
1 0 0 0
619.593 27.571 -6.07911
0.00732875 -0.332447 -0.943094
0.127702 0.430465
1 0 0 0
1 0 0 0
620.109 31.5747 -7.47826
-0.0405184 0.0199896 -0.998979
0.130166 0.415702
1 0 0 0
1 0 0 0
590.807 29.4734 -4.77345
-0.371593 0.909437 -0.18666
0.0228253 0.392441
1 0 0 0
1 0 0 0
735.44 35.2621 -5.65478
0.17227 0.94105 -0.291115
0.420221 0.387452
1 0 0 0
1 0 0 0
737.211 33.3745 -2.2309
0.256019 0.574359 0.777538
0.427895 0.376317
1 0 0 0
1 0 0 0
737.211 31.6737 -7.47964
0.1751 0.0546467 -0.983033
0.428496 0.398331
1 0 0 0
1 0 0 0
745.788 29.6932 -4.92835
0.814542 0.557509 -0.160326
0.460934 0.387815
1 0 0 0
1 0 0 0
737.633 28.5984 -5.70665
0.0808532 -0.489481 -0.868258
0.43318 0.408908
1 0 0 0
1 0 0 0
737.496 29.1822 -2.07215
0.166555 0.0455186 0.984981
0.432885 0.363786
1 0 0 0
1 0 0 0
579.067 115.362 -5.15843
-0.189064 0.981715 -0.0221285
0.817824 0.397738
0 0 0 0
1 0 0 0
588.906 115.906 -10.7215
0.581462 0.727755 -0.363695
0.803441 0.394066
0 0 0 0
1 0 0 0
587.122 115.906 2.09784
0.446229 0.741433 0.501155
0.815252 0.384017
0 0 0 0
1 0 0 0
589.065 109.948 -13.4458
0.670915 0.323074 -0.667455
0.794518 0.395543
0 0 0 0
1 0 0 0
589.628 109.948 -5.20141
0.978838 0.184373 0.0887897
0.801784 0.383144
0 0 0 0
1 0 0 0
588.048 109.948 3.8128
0.640416 0.302685 0.705868
0.815636 0.375909
0 0 0 0
1 0 0 0
572.693 113.433 0.404655
-0.433884 0.859445 0.270367
0.83137 0.397227
0 0 0 0
1 0 0 0
578.557 109.948 5.05087
-0.0974244 0.626812 0.773056
0.830734 0.383121
0 0 0 0
1 0 0 0
569.991 109.948 4.60395
-0.386779 0.816465 0.428704
0.842635 0.394827
0 0 0 0
1 0 0 0
574.478 113.433 -12.4147
-0.313337 0.82578 -0.468943
0.815036 0.410413
0 0 0 0
1 0 0 0
569.338 109.948 -6.85165
-0.652144 0.755249 -0.0656291
0.829068 0.412176
0 0 0 0
1 0 0 0
570.481 109.948 -14.189
-0.478802 0.766766 -0.427572
0.817549 0.41931
0 0 0 0
1 0 0 0
582.127 109.948 -15.3677
0.0348862 0.565346 -0.824116
0.800784 0.407625
0 0 0 0
1 0 0 0
598.534 105.845 -2.32714
-0.511598 0.433828 -0.741661
0.799908 0.346593
1 0 0 0
1 0 0 0
594.249 99.6327 -2.44613
-0.824298 0.455207 -0.336629
0.801307 0.333021
1 0 0 0
1 0 0 0
602.938 104.024 -2.72612
-0.0478396 0.0841494 -0.995304
0.806469 0.351333
1 0 0 0
1 0 0 0
613.233 108.761 -2.60809
0.283025 0.764599 -0.579038
0.800705 0.369218
1 0 0 0
1 0 0 0
603.153 110.656 -2.12259
-0.293267 0.649562 -0.701473
0.797717 0.354732
1 0 0 0
1 0 0 0
607.989 111.775 -0.0157356
0.17531 0.983858 -0.0359051
0.795345 0.361029
1 0 0 0
1 0 0 0
613.715 109.296 1.5367
0.368082 0.84897 0.379164
0.792589 0.37063
1 0 0 0
1 0 0 0
608.053 106.513 2.0331
0.0312152 0.0800162 0.996305
0.786035 0.360282
1 0 0 0
1 0 0 0
602.787 111.591 1.73673
-0.322619 0.792709 0.517233
0.793875 0.354597
1 0 0 0
1 0 0 0
598.028 106.949 2.20397
-0.615365 0.500581 0.608888
0.793044 0.346879
1 0 0 0
1 0 0 0
602.907 103.995 2.14952
0.010016 -0.00188781 0.999948
0.784603 0.349433
1 0 0 0
1 0 0 0
594.599 99.7192 1.98311
-0.825557 0.378753 0.418333
0.792237 0.332574
1 0 0 0
1 0 0 0
745.562 105.824 2.39853
0.50384 0.452422 0.735839
0.825015 0.344966
1 0 0 0
1 0 0 0
749.848 99.6108 2.51751
0.824292 0.455215 0.336632
0.823887 0.327522
1 0 0 0
1 0 0 0
741.159 104.002 2.79751
0.0490319 0.0801922 0.995573
0.832979 0.348745
1 0 0 0
1 0 0 0
730.864 108.739 2.67947
-0.468743 0.469112 0.748474
0.830003 0.365674
1 0 0 0
1 0 0 0
738.226 112.422 2.19397
0.241578 0.654447 0.716477
0.824843 0.357638
1 0 0 0
1 0 0 0
733.39 113.542 0.0871191
-0.429792 0.902793 -0.0156018
0.824034 0.362348
1 0 0 0
1 0 0 0
730.382 109.274 -1.46531
-0.639386 0.508555 -0.576678
0.822741 0.368233
1 0 0 0
1 0 0 0
736.043 106.491 -1.96172
-0.0361424 0.0502691 -0.998082
0.813833 0.363111
1 0 0 0
1 0 0 0
738.592 113.357 -1.66535
0.27443 0.795219 -0.540662
0.82188 0.358706
1 0 0 0
1 0 0 0
746.068 106.927 -2.13258
0.60616 0.522729 -0.599436
0.817657 0.347493
1 0 0 0
1 0 0 0
741.19 103.973 -2.07813
-0.0100158 -0.00188988 -0.999948
0.809258 0.352251
1 0 0 0
1 0 0 0
749.497 99.6974 -1.91172
0.825557 0.378767 -0.418319
0.813154 0.331813
1 0 0 0
1 0 0 0
663.229 66.7314 -7.36433
0.156001 0.360706 0.919541
0.211955 0.371644
1 0 0 0
1 0 0 0
662.036 63.5618 -8.18633
-0.0895626 -0.218309 0.971761
0.21147 0.359013
1 0 0 0
1 0 0 0
615.216 86.4342 -6.67645
-0.00630773 0.979089 0.203336
0.0253825 0.361165
1 0 0 0
1 0 0 0
626.789 87.0486 -9.99303
0.262159 0.963793 -0.0487386
0.0638016 0.379232
1 0 0 0
1 0 0 0
663.932 68.4308 -10.8071
0.378332 0.875671 -0.300109
0.212435 0.385342
1 0 0 0
1 0 0 0
628.477 77.1473 -10.9556
-0.190338 -0.371483 -0.90872
0.0765966 0.413637
1 0 0 0
1 0 0 0
626.773 82.3521 -12.7265
-0.0482724 0.0870384 -0.995035
0.0675558 0.395745
1 0 0 0
1 0 0 0
615.504 85.4862 -10.7564
-0.0700994 0.597929 -0.798478
0.0275544 0.378811
1 0 0 0
1 0 0 0
613.873 86.1462 -9.98885
-0.0666776 0.952969 -0.295642
0.0205734 0.373492
1 0 0 0
1 0 0 0
662.599 65.2978 -12.6936
-0.00358608 -0.00123878 -0.999993
0.21235 0.399452
1 0 0 0
1 0 0 0
661.152 63.1528 -11.2945
-0.20092 -0.433331 -0.878553
0.21079 0.409999
1 0 0 0
1 0 0 0
695.633 53.5388 -7.36431
0.147276 0.283882 0.947481
0.301511 0.3493
1 0 0 0
1 0 0 0
696.232 57.4257 -10.747
0.419406 0.885818 -0.198558
0.298721 0.366992
1 0 0 0
1 0 0 0
736.023 33.5121 -10.8702
0.574281 0.776269 -0.260015
0.40036 0.354433
1 0 0 0
1 0 0 0
736.743 32.2986 -7.4463
0.563219 0.444372 0.696648
0.404521 0.343327
1 0 0 0
1 0 0 0
694.899 51.81 -12.6309
0.000606523 -0.00820056 -0.999966
0.305612 0.38668
1 0 0 0
1 0 0 0
739.677 28.8392 -10.1437
0.962156 0.2013 -0.183668
0.42115 0.353027
1 0 0 0
1 0 0 0
736.375 31.4092 -12.695
0.308124 -0.0644801 -0.949159
0.405672 0.360922
1 0 0 0
1 0 0 0
735.938 29.8555 -10.922
-0.170574 -0.719843 -0.672852
0.410202 0.366561
1 0 0 0
1 0 0 0
693.464 48.3433 -11.1991
-0.15173 -0.334272 -0.930183
0.308576 0.400464
1 0 0 0
1 0 0 0
736.034 30.4475 -7.28754
0.321805 -0.0482504 0.945576
0.407119 0.337876
1 0 0 0
1 0 0 0
693.913 50.1481 -7.84231
-0.0567399 -0.11506 0.991737
0.299915 0.335955
1 0 0 0
1 0 0 0
657.294 7.62939e-06 2.54075
9.14102e-08 1.57222e-07 1
0.587379 0.991203
1 0 0 0
1 0 0 0
657.294 134.466 2.54073
3.51399e-10 1.64617e-07 1
0.587379 0.3276
1 0 0 0
1 0 0 0
667.294 120.267 2.54074
-1.44942e-07 1.62715e-07 1
0.538027 0.397671
1 0 0 0
1 0 0 0
667.294 1.14441e-05 2.54075
-5.74734e-14 1.50663e-07 1
0.538027 0.991203
1 0 0 0
1 0 0 0
667.294 120.267 -2.45927
-7.528e-07 -8.01394e-08 -1
0.63673 0.397671
1 0 0 0
1 0 0 0
657.294 134.466 -2.45926
0 -7.80156e-08 -1
0.587378 0.3276
1 0 0 0
1 0 0 0
657.294 3.8147e-06 -2.45925
4.9758e-14 -1.39315e-07 -1
0.587378 0.991203
1 0 0 0
1 0 0 0
667.294 7.62939e-06 -2.45925
5.44485e-14 -1.42733e-07 -1
0.63673 0.991203
1 0 0 0
1 0 0 0
667.294 7.62939e-06 -2.45925
3.8147e-07 -1 7.62938e-07
0.831312 0.305601
1 0 0 0
1 0 0 0
657.294 3.8147e-06 -2.45925
3.8147e-07 -1 7.62938e-07
0.880663 0.305601
1 0 0 0
1 0 0 0
657.294 7.62939e-06 2.54075
3.8147e-07 -1 7.62938e-07
0.880663 0.280926
1 0 0 0
1 0 0 0
667.294 1.14441e-05 2.54075
3.8147e-07 -1 7.62938e-07
0.831312 0.280926
1 0 0 0
1 0 0 0
647.294 3.8147e-06 2.54076
-1 0 0
0.965276 0.799166
1 0 0 0
1 0 0 0
647.294 0 -2.45925
-1 0 0
0.989952 0.799166
1 0 0 0
1 0 0 0
647.294 120.267 -2.45927
-1 0 0
0.989952 0.205633
1 0 0 0
1 0 0 0
647.294 120.267 2.54074
-1 0 0
0.965276 0.205633
1 0 0 0
1 0 0 0
647.294 120.267 -2.45927
-0.817576 0.575821 -7.21828e-07
0.901383 0.280926
1 0 0 0
1 0 0 0
657.294 134.466 -2.45926
0 1 0
0.831312 0.280926
1 0 0 0
1 0 0 0
657.294 134.466 2.54073
0 1 -2.72313e-07
0.831312 0.305601
1 0 0 0
1 0 0 0
647.294 120.267 2.54074
-0.817576 0.575821 -8.78631e-07
0.901383 0.305601
1 0 0 0
1 0 0 0
667.294 120.267 2.54074
1 0 0
0.989952 0.205633
1 0 0 0
1 0 0 0
667.294 120.267 -2.45927
1 0 0
0.965276 0.205633
1 0 0 0
1 0 0 0
667.294 7.62939e-06 -2.45925
1 0 0
0.965276 0.799166
1 0 0 0
1 0 0 0
667.294 1.14441e-05 2.54075
1 0 0
0.989952 0.799166
1 0 0 0
1 0 0 0
647.294 3.8147e-06 2.54076
1.88575e-07 1.63284e-07 1
0.63673 0.991203
1 0 0 0
1 0 0 0
647.294 120.267 2.54074
1.45034e-07 1.66522e-07 1
0.63673 0.397671
1 0 0 0
1 0 0 0
647.294 120.267 -2.45927
7.528e-07 -8.01394e-08 -1
0.538027 0.397671
1 0 0 0
1 0 0 0
647.294 0 -2.45925
5.44485e-14 -1.42733e-07 -1
0.538027 0.991203
1 0 0 0
1 0 0 0
647.294 0 -2.45925
3.8147e-07 -1 7.62938e-07
0.930014 0.305601
1 0 0 0
1 0 0 0
647.294 3.8147e-06 2.54076
3.8147e-07 -1 7.62938e-07
0.930014 0.280926
1 0 0 0
1 0 0 0
667.294 120.267 -2.45927
0.817576 0.575821 -7.21828e-07
0.901383 0.305601
1 0 0 0
1 0 0 0
667.294 120.267 2.54074
0.817576 0.575821 -8.78631e-07
0.901383 0.280926
1 0 0 0
1 0 0 0
657.294 134.466 2.54073
0 1 -2.72313e-07
0.831312 0.280926
1 0 0 0
1 0 0 0
657.294 134.466 -2.45926
0 1 0
0.831312 0.305601
1 0 0 0
1 0 0 0
[ INDEX_DATA ]
0 2 1
2 0 3
4 6 5
6 4 7
8 10 9
10 8 11
12 14 13
14 12 15
16 18 17
18 16 19
20 22 21
22 20 23
24 26 25
26 24 27
28 30 29
30 28 31
32 34 33
34 32 35
36 38 37
38 36 39
40 42 41
42 40 43
44 46 45
46 44 47
48 50 49
50 48 51
52 54 53
54 52 55
56 58 57
58 56 59
60 62 61
62 60 63
64 66 65
66 64 67
68 70 69
70 68 71
72 74 73
74 72 75
76 78 77
78 76 79
80 82 81
82 80 83
84 86 85
86 84 87
88 90 89
90 88 91
92 94 93
94 92 95
96 98 97
98 96 99
100 102 101
102 100 103
104 106 105
106 104 107
108 110 109
110 108 111
112 114 113
114 112 115
116 118 117
118 116 119
120 122 121
122 120 123
124 126 125
126 124 127
128 130 129
130 128 131
132 134 133
134 132 135
136 138 137
138 136 139
140 142 141
142 140 143
144 146 145
146 144 147
148 150 149
150 148 151
152 154 153
154 152 155
156 158 157
158 156 159
160 162 161
162 160 163
164 166 165
166 164 167
168 97 169
97 168 96
170 102 171
102 170 101
172 106 173
106 172 105
174 176 175
176 174 177
178 180 179
180 178 181
182 184 183
184 182 185
186 188 187
188 186 189
190 192 191
192 190 193
194 196 195
196 194 197
198 200 199
200 198 201
202 179 203
179 202 178
204 184 205
184 204 183
206 188 207
188 206 187
208 210 209
210 208 211
212 214 213
214 212 215
216 218 217
218 216 219
220 222 221
222 220 223
224 226 225
226 224 227
228 230 229
230 228 231
232 234 233
234 232 235
236 213 237
213 236 212
238 218 239
218 238 217
240 222 241
222 240 221
242 244 243
244 242 245
246 248 247
249 246 250
246 249 248
251 253 252
249 254 248
249 253 254
249 252 253
250 252 249
252 250 255
252 256 251
256 252 255
257 259 258
259 257 260
261 250 258
250 261 255
262 264 263
258 246 257
246 258 250
255 265 256
265 255 261
266 257 267
257 266 260
259 261 258
261 259 263
246 267 257
267 246 247
260 262 259
265 263 264
263 265 261
266 262 260
259 262 263
268 270 269
268 271 270
272 274 273
270 272 275
270 274 272
271 274 270
268 276 271
276 268 277
276 274 271
274 276 278
279 280 278
281 268 269
268 281 277
277 279 276
273 278 280
278 273 274
281 279 277
276 279 278
282 284 283
283 286 285
283 284 286
284 287 286
282 288 284
284 289 287
284 288 289
288 290 289
282 291 288
288 292 290
288 291 292
291 293 292
282 283 291
291 294 293
291 283 294
283 285 294
295 297 296
297 299 298
299 297 295
300 301 298
301 303 302
303 301 300
304 306 305
298 299 300
302 304 305
304 302 303
304 296 306
296 304 295
299 303 300
295 303 299
303 295 304
307 309 308
309 311 310
311 309 307
312 313 310
313 315 314
315 313 312
316 318 317
310 311 312
314 316 317
316 314 315
316 308 318
308 316 307
311 315 312
307 315 311
315 307 316
319 321 320
322 319 323
319 322 321
324 326 325
322 327 321
322 326 327
322 325 326
323 325 322
325 323 328
325 329 324
329 325 328
330 332 331
332 330 333
334 323 331
323 334 328
335 337 336
331 319 330
319 331 323
328 338 329
338 328 334
339 330 340
330 339 333
332 334 331
334 332 336
319 340 330
340 319 320
333 335 332
338 336 337
336 338 334
339 335 333
332 335 336
341 343 342
343 341 344
345 347 346
347 345 348
349 351 350
351 349 352
353 355 354
355 353 356
357 359 358
359 357 360
361 363 362
363 361 364
365 342 366
342 365 341
367 347 368
347 367 346
369 351 370
351 369 350
371 373 372
373 371 374

[ BONE_HIERARCHY ]
-1
0
1

[ OFFSET_MATRIX ]
0.9998 -1.22439e-18 0.0199958 0 1.22439e-18 1 1.22425e-20 0 -0.0199958 1.22425e-20 0.9998 0 -569.982 6.9796e-16 -6.59774 1 
0.999988 3.03158e-19 -0.00495094 0 -3.03158e-19 1 7.50463e-22 0 0.00495094 7.50463e-22 0.999988 0 -584.792 -1.95448e-16 7.99273 1 
0.999988 3.03158e-19 -0.00495094 0 -3.03158e-19 1 7.50463e-22 0 0.00495094 7.50463e-22 0.999988 0 -704.571 -1.95448e-16 7.99273 1 

[ ANIMATION_CLIPS ]
AnimationClip Take_001
{
0 11
0 570 0 -4.80082 1 1 1 -9.63003e-37 0.00999839 9.63109e-35 0.99995
0.0333333 570 0 -4.80082 1 1 1 -9.63003e-37 0.00999839 9.63109e-35 0.99995
0.0666667 570 0 -4.80082 1 1 1 -9.63003e-37 0.00999839 9.63109e-35 0.99995
0.1 570 0 -4.80082 1 1 1 -9.63003e-37 0.00999839 9.63109e-35 0.99995
0.133333 570 0 -4.80082 1 1 1 -9.63003e-37 0.00999839 9.63109e-35 0.99995
0.166667 570 0 -4.80082 1 1 1 -9.63003e-37 0.00999839 9.63109e-35 0.99995
0.2 570 0 -4.80082 1 1 1 -9.63003e-37 0.00999839 9.63109e-35 0.99995
0.233333 570 0 -4.80082 1 1 1 -9.63003e-37 0.00999839 9.63109e-35 0.99995
0.266667 570 0 -4.80082 1 1 1 -9.63003e-37 0.00999839 9.63109e-35 0.99995
0.3 570 0 -4.80082 1 1 1 -9.63003e-37 0.00999839 9.63109e-35 0.99995
0.333333 570 0 -4.80082 1 1 1 -9.63003e-37 0.00999839 9.63109e-35 0.99995
1 11
0 584.824 0 -5.09736 1 1 1 -1.19191e-37 -0.00247548 -4.81487e-35 0.999997
0.0333333 584.824 0 -5.09736 1 1 1 -3.76298e-36 0.0195236 1.92703e-34 0.999809
0.0666667 584.824 0 -5.09736 1 1 1 -1.85233e-34 0.0791448 2.33309e-33 0.996863
0.1 584.824 0 -5.09736 1 1 1 -8.14326e-34 0.166418 4.82503e-33 0.986055
0.133333 584.824 0 -5.09736 1 1 1 -1.9537e-33 0.270585 6.95091e-33 0.962696
0.166667 584.824 0 -5.09736 1 1 1 -3.29914e-33 0.380395 8.02093e-33 0.924824
0.2 584.824 0 -5.09736 1 1 1 -8.47027e-33 0.485073 1.52699e-32 0.874474
0.233333 584.824 0 -5.09736 1 1 1 -1.05086e-32 0.57553 1.49318e-32 0.817781
0.266667 584.824 0 -5.09736 1 1 1 -2.37286e-32 0.64515 2.8102e-32 0.764056
0.3 584.824 0 -5.09736 1 1 1 -8.68536e-32 0.68959 9.12128e-32 0.7242
0.333333 584.824 0 -5.09736 1 1 1 -1.75606e-30 0.705354 1.76477e-30 0.708855
2 11
0 704.602 -9.24446e-33 -4.50434 1 1 1 6.16285e-33 -0.00247548 -5.69665e-35 0.999997
0.0333333 704.512 4.93038e-32 -9.77353 1 1 1 6.16274e-33 0.0195236 7.2288e-35 0.999809
0.0666667 703.103 3.9443e-31 -23.9978 1 1 1 6.03635e-33 0.0791448 1.83914e-33 0.996863
0.1 697.969 7.88861e-31 -44.4083 1 1 1 -5.42884e-34 0.166418 3.21669e-33 0.986055
0.133333 687.064 7.88861e-31 -67.5005 1 1 1 -1.9537e-33 0.270585 6.95091e-33 0.962696
0.166667 669.939 1.57772e-30 -89.374 1 1 1 4.72179e-33 0.380395 4.72179e-33 0.924824
0.2 648.237 1.57772e-30 -106.714 1 1 1 1.70969e-33 0.485073 9.62309e-33 0.874474
0.233333 625.253 2.36658e-30 -117.848 1 1 1 -1.49319e-32 0.57553 1.05086e-32 0.817781
0.266667 604.895 0 -123.184 1 1 1 -4.74573e-32 0.64515 5.6204e-32 0.764056
0.3 590.685 0 -124.734 1 1 1 -1.73707e-31 0.68959 1.82426e-31 0.7242
0.333333 585.417 3.15544e-30 -124.876 1 1 1 -2.63845e-30 0.705354 2.6428e-30 0.708855
