[ MESH_DATA ]
454
1074
0
0

[ VERTEX_DATA ]
-480.839 9.53674e-07 50
0 -1 0
0.94847 0.98976
-480.839 9.53674e-07 -60
0 -1 0
0.94847 0.448208
-500.839 9.53674e-07 -60
0 -1 0
0.850006 0.448208
-500.839 9.53674e-07 50
0 -1 0
0.850006 0.98976
-480.839 20 50
0 1 0
0.850006 0.98976
-500.839 20 50
0 1 0
0.94847 0.98976
-500.839 20 -60
0 1 0
0.94847 0.448208
-480.839 20 -60
0 1 0
0.850006 0.448208
-480.839 20 -60
0 0 -1
0.832172 0.246809
-500.839 20 -60
0 0 -1
0.930636 0.246809
-500.839 9.53674e-07 -60
0 0 -1
0.930636 0.148344
-480.839 9.53674e-07 -60
0 0 -1
0.832172 0.148344
-480.839 20 50
1 0 0
0.850006 0.98976
-480.839 20 -60
1 0 0
0.850006 0.448208
-480.839 9.53674e-07 -60
1 0 0
0.751542 0.448208
-480.839 9.53674e-07 50
1 0 0
0.751542 0.98976
-500.839 20 50
0 0 1
0.930636 0.148344
-480.839 20 50
0 0 1
0.832172 0.148344
-480.839 9.53674e-07 50
0 0 1
0.832172 0.246809
-500.839 9.53674e-07 50
0 0 1
0.930636 0.246809
-500.839 20 -60
-1 0 0
0.751542 0.448208
-500.839 20 50
-1 0 0
0.751542 0.98976
-500.839 9.53674e-07 50
-1 0 0
0.850006 0.98976
-500.839 9.53674e-07 -60
-1 0 0
0.850006 0.448208
-480.839 7.50002 30
-1.15054e-07 -1 -1.67785e-07
0.940696 0.0417274
-140.839 7.49998 30
-1.16404e-07 -1 -1.90735e-07
0.0104317 0.0417274
-140.839 7.49998 9.99998
-1.16352e-07 -1 -1.89843e-07
0.0104317 0.0964487
-480.839 7.50002 10
-1.15002e-07 -1 -1.66893e-07
0.940696 0.0964487
-480.839 12.5 30
1.20612e-07 1 1.43051e-07
0.940696 0.0964487
-480.839 12.5 10
1.20612e-07 1 1.43051e-07
0.940696 0.0417274
-140.839 12.5 9.99998
1.20612e-07 1 1.43051e-07
0.0104317 0.0417271
-140.839 12.5 30
1.20612e-07 1 1.43051e-07
0.0104317 0.0964487
-140.839 12.5 30
1 0 0
0.0122892 0.0276257
-140.839 12.5 9.99998
1 0 0
0.0670107 0.0276257
-140.839 7.49998 9.99998
1 0 0
0.0670107 0.0139453
-140.839 7.49998 30
1 0 0
0.0122893 0.0139453
-480.839 12.5 30
1.56866e-07 -1.42849e-08 1
0.0670107 0.0276257
-140.839 12.5 30
1.34636e-07 -1.52588e-06 1
0.997275 0.0276257
-140.839 7.49998 30
1.34846e-07 -1.51159e-06 1
0.997275 0.0139453
-480.839 7.50002 30
1.57076e-07 0 1
0.0670107 0.0139453
-480.839 12.5 10
-1 0 0
0.0122892 0.0276257
-480.839 12.5 30
-1 0 0
0.0670107 0.0276257
-480.839 7.50002 30
-1 0 0
0.0670107 0.0139453
-480.839 7.50002 10
-1 0 0
0.0122892 0.0139453
-140.839 12.5 9.99998
-1.4313e-07 -3.76113e-07 -1
0.0670107 0.0276255
-480.839 12.5 10
-1.51466e-07 1.90735e-07 -1
0.997275 0.0276257
-480.839 7.50002 10
-1.51387e-07 1.85378e-07 -1
0.997275 0.0139453
-140.839 7.49998 9.99998
-1.43051e-07 -3.8147e-07 -1
0.0670107 0.013945
-480.839 7.50002 -30
-1.16352e-07 -1 -1.66001e-07
0.940695 0.0417271
-140.839 7.49998 -30
-1.15002e-07 -1 -1.43051e-07
0.0104317 0.0417271
-140.839 7.49999 -50
-1.15054e-07 -1 -1.43943e-07
0.0104317 0.0964487
-480.839 7.50003 -50
-1.16404e-07 -1 -1.66893e-07
0.940695 0.0964485
-480.839 12.5 -30
1.25802e-07 1 1.35917e-07
0.940695 0.0964488
-480.839 12.5 -50
1.26222e-07 1 1.43051e-07
0.940695 0.0417274
-140.839 12.5 -50
1.15422e-07 1 -4.05493e-08
0.0104317 0.0417271
-140.839 12.5 -30
1.15002e-07 1 -4.76837e-08
0.0104317 0.0964487
-140.839 12.5 -30
1 0 0
0.0122894 0.0276257
-140.839 12.5 -50
1 0 0
0.0670107 0.0276257
-140.839 7.49999 -50
1 0 0
0.0670107 0.0139453
-140.839 7.49998 -30
1 0 0
0.0122893 0.0139453
-480.839 12.5 -30
1.57233e-07 1.07137e-08 1
0.0670107 0.0276257
-140.839 12.5 -30
1.73905e-07 1.14441e-06 1
0.997274 0.0276257
-140.839 7.49998 -30
1.73748e-07 1.1337e-06 1
0.997274 0.0139453
-480.839 7.50002 -30
1.57076e-07 0 1
0.0670107 0.0139453
-480.839 12.5 -50
-1 0 0
0.0122893 0.0276257
-480.839 12.5 -30
-1 0 0
0.0670107 0.0276257
-480.839 7.50002 -30
-1 0 0
0.0670107 0.0139453
-480.839 7.50003 -50
-1 0 0
0.0122893 0.0139453
-140.839 12.5 -50
-1.34636e-07 0 -1
0.0670107 0.0276257
-480.839 12.5 -50
-1.34636e-07 0 -1
0.997274 0.027626
-480.839 7.50003 -50
-1.34636e-07 0 -1
0.997274 0.0139453
-140.839 7.49999 -50
-1.34636e-07 0 -1
0.0670107 0.0139453
-330.839 2.49999 -60
-2.92893e-08 -1 -1.0895e-09
0.212517 0.99111
-350.839 2.49999 -60
-2.38419e-08 -1 0
0.114101 0.991126
-350.839 2.49999 40
-6.29847e-08 -1 -7.82857e-09
0.114068 0.49916
-330.839 2.49999 50
-6.71907e-08 -1 -8.66977e-09
0.21258 0.44993
-330.839 7.49999 -60
2.92893e-08 1 1.0895e-09
0.212462 0.991149
-330.839 7.49999 50
6.71907e-08 1 8.66977e-09
0.212782 0.449933
-350.839 7.49999 40
6.29847e-08 1 7.82857e-09
0.114113 0.499106
-350.839 7.49999 -60
2.38419e-08 1 0
0.114101 0.991126
-330.839 2.49999 -60
-3.8147e-07 0 -1
0.92964 0.281026
-330.839 7.49999 -60
-3.8147e-07 0 -1
0.929676 0.30559
-350.839 7.49999 -60
-3.8147e-07 0 -1
0.831267 0.305597
-350.839 2.49999 -60
-3.8147e-07 0 -1
0.831222 0.281042
-350.839 2.49999 -60
-1 0 0
0.989923 0.69588
-350.839 7.49999 -60
-1 0 0
0.965157 0.695903
-350.839 7.49999 40
-1 0 0
0.965144 0.203883
-350.839 2.49999 40
-1 0 0
0.98989 0.203914
-350.839 2.49999 40
-0.447214 0 0.894427
0.831267 0.305597
-350.839 7.49999 40
-0.447214 0 0.894427
0.831267 0.280981
-330.839 7.49999 50
-0.447214 0 0.894427
0.941354 0.280981
-330.839 2.49999 50
-0.447214 0 0.894427
0.941354 0.305597
-330.839 2.49999 50
1 0 0
0.964943 0.20388
-330.839 7.49999 50
1 0 0
0.989693 0.203875
-330.839 7.49999 -60
1 0 0
0.98936 0.745096
-330.839 2.49999 -60
1 0 0
0.96488 0.745059
-390.839 2.49999 -60
-1.56706e-08 -1 -1.63424e-09
0.00747208 0.993534
-390.839 2.49999 50
4.11814e-08 -1 -1.30046e-08
0.00740892 0.452355
-370.839 2.49999 40
3.48724e-08 -1 -1.17429e-08
0.105921 0.501585
-370.839 2.49999 -60
-2.38419e-08 -1 0
0.105889 0.99355
-390.839 7.49999 -60
1.29469e-08 1 2.17899e-09
0.00757271 0.993627
-370.839 7.49999 -60
2.38419e-08 1 0
0.105934 0.993604
-370.839 7.49999 40
-5.44438e-08 1 1.56571e-08
0.105921 0.501585
-390.839 7.49999 50
-6.28558e-08 1 1.73395e-08
0.00725293 0.452412
-390.839 2.49999 -60
0 0 -1
0.92964 0.281026
-370.839 2.49999 -60
0 0 -1
0.831222 0.281042
-370.839 7.49999 -60
0 0 -1
0.831267 0.305597
-390.839 7.49999 -60
0 0 -1
0.929676 0.30559
-370.839 2.49999 -60
1 0 0
0.989923 0.69588
-370.839 2.49999 40
1 0 0
0.98989 0.203914
-370.839 7.49999 40
1 0 0
0.965144 0.203883
-370.839 7.49999 -60
1 0 0
0.965157 0.695902
-370.839 2.49999 40
0.447214 0 0.894427
0.831267 0.305597
-390.839 2.49999 50
0.447214 0 0.894427
0.941354 0.305597
-390.839 7.49999 50
0.447214 0 0.894427
0.941354 0.280981
-370.839 7.49999 40
0.447214 0 0.894427
0.831267 0.280981
-390.839 2.49999 50
-1 0 0
0.965144 0.203883
-390.839 2.49999 -60
-1 0 0
0.965081 0.745062
-390.839 7.49999 -60
-1 0 0
0.989561 0.745099
-390.839 7.49999 50
-1 0 0
0.989894 0.203879
-410.839 2.49999 -60
-8.17121e-09 -1 -1.63424e-09
0.212518 0.991109
-430.839 2.49999 -60
0 -1 0
0.114101 0.991126
-430.839 2.49999 40
-5.87143e-08 -1 -1.17429e-08
0.114068 0.499159
-410.839 2.49999 50
-6.50233e-08 -1 -1.30046e-08
0.212581 0.44993
-410.839 7.49999 -60
8.17121e-09 1 1.63424e-09
0.212417 0.991203
-410.839 7.49999 50
6.50233e-08 1 1.30046e-08
0.212737 0.449987
-430.839 7.49999 40
5.87143e-08 1 1.17429e-08
0.114068 0.499159
-430.839 7.49999 -60
0 1 0
0.114056 0.991179
-410.839 2.49999 -60
3.8147e-07 0 -1
0.929595 0.281087
-410.839 7.49999 -60
3.8147e-07 0 -1
0.929631 0.305651
-430.839 7.49999 -60
3.8147e-07 0 -1
0.831222 0.305658
-430.839 2.49999 -60
3.8147e-07 0 -1
0.831178 0.281102
-430.839 2.49999 -60
-1 0 0
0.990079 0.695938
-430.839 7.49999 -60
-1 0 0
0.965313 0.69596
-430.839 7.49999 40
-1 0 0
0.9653 0.20394
-430.839 2.49999 40
-1 0 0
0.990047 0.203971
-430.839 2.49999 40
-0.447214 0 0.894427
0.831222 0.305658
-430.839 7.49999 40
-0.447214 0 0.894427
0.831222 0.281042
-410.839 7.49999 50
-0.447214 0 0.894427
0.941309 0.281042
-410.839 2.49999 50
-0.447214 0 0.894427
0.941309 0.305658
-410.839 2.49999 50
1 0 0
0.965144 0.203883
-410.839 7.49999 50
1 0 0
0.989894 0.203879
-410.839 7.49999 -60
1 0 0
0.989561 0.745099
-410.839 2.49999 -60
1 0 0
0.965082 0.745063
-470.839 2.49999 -60
5.44748e-09 -1 -1.0895e-09
0.425101 0.991163
-470.839 2.49999 50
4.33488e-08 -1 -8.66977e-09
0.425164 0.449984
-450.839 2.49999 40
3.91428e-08 -1 -7.82857e-09
0.326652 0.499213
-450.839 2.49999 -60
0 -1 0
0.326684 0.991179
-470.839 7.49999 -60
-8.17122e-09 1 1.63424e-09
0.424836 0.991339
-450.839 7.49999 -60
0 1 0
0.326475 0.991315
-450.839 7.49999 40
-5.87143e-08 1 1.17429e-08
0.326487 0.499295
-470.839 7.49999 50
-6.50233e-08 1 1.30046e-08
0.425156 0.450123
-470.839 2.49999 -60
3.8147e-07 0 -1
0.929595 0.281087
-450.839 2.49999 -60
3.8147e-07 0 -1
0.831178 0.281102
-450.839 7.49999 -60
3.8147e-07 0 -1
0.831222 0.305658
-470.839 7.49999 -60
3.8147e-07 0 -1
0.929631 0.305651
-450.839 2.49999 -60
1 0 0
0.989714 0.696016
-450.839 2.49999 40
1 0 0
0.989681 0.20405
-450.839 7.49999 40
1 0 0
0.964935 0.204019
-450.839 7.49999 -60
1 0 0
0.964948 0.696038
-450.839 2.49999 40
0.447214 0 0.894427
0.831222 0.305658
-470.839 2.49999 50
0.447214 0 0.894427
0.941309 0.305658
-470.839 7.49999 50
0.447214 0 0.894427
0.941309 0.281042
-450.839 7.49999 40
0.447214 0 0.894427
0.831222 0.281042
-470.839 2.49999 50
-1 0 0
0.964943 0.20388
-470.839 2.49999 -60
-1 0 0
0.964881 0.745059
-470.839 7.49999 -60
-1 0 0
0.98936 0.745096
-470.839 7.49999 50
-1 0 0
0.989694 0.203875
-300.839 9.53674e-07 50
0 -1 0
0.94847 0.98976
-300.839 9.53674e-07 -60
0 -1 0
0.94847 0.448208
-320.839 9.53674e-07 -60
0 -1 0
0.850006 0.448208
-320.839 9.53674e-07 50
0 -1 0
0.850006 0.98976
-300.839 20 50
0 1 0
0.850006 0.98976
-320.839 20 50
0 1 0
0.94847 0.98976
-320.839 20 -60
0 1 0
0.94847 0.448208
-300.839 20 -60
0 1 0
0.850006 0.448208
-300.839 20 -60
0 0 -1
0.832172 0.246809
-320.839 20 -60
0 0 -1
0.930636 0.246809
-320.839 9.53674e-07 -60
0 0 -1
0.930636 0.148345
-300.839 9.53674e-07 -60
0 0 -1
0.832172 0.148345
-300.839 20 50
1 0 0
0.850006 0.98976
-300.839 20 -60
1 0 0
0.850006 0.448208
-300.839 9.53674e-07 -60
1 0 0
0.751543 0.448208
-300.839 9.53674e-07 50
1 0 0
0.751543 0.98976
-320.839 20 50
0 0 1
0.930636 0.148344
-300.839 20 50
0 0 1
0.832172 0.148344
-300.839 9.53674e-07 50
0 0 1
0.832172 0.246809
-320.839 9.53674e-07 50
0 0 1
0.930636 0.246809
-320.839 20 -60
-1 0 0
0.751542 0.448208
-320.839 20 50
-1 0 0
0.751542 0.98976
-320.839 9.53674e-07 50
-1 0 0
0.850006 0.98976
-320.839 9.53674e-07 -60
-1 0 0
0.850006 0.448208
-150.839 2.49999 -60
-2.92893e-08 -1 -1.0895e-09
0.424892 0.991299
-170.839 2.49999 -60
-2.38419e-08 -1 0
0.326475 0.991315
-170.839 2.49999 40
-6.29847e-08 -1 -7.82857e-09
0.326442 0.499349
-150.839 2.49999 50
-6.71907e-08 -1 -8.66977e-09
0.424955 0.45012
-150.839 7.49999 -60
2.92893e-08 1 1.0895e-09
0.424791 0.991392
-150.839 7.49999 50
6.71907e-08 1 8.66977e-09
0.425111 0.450177
-170.839 7.49999 40
6.29847e-08 1 7.82857e-09
0.326442 0.499349
-170.839 7.49999 -60
2.38419e-08 1 0
0.32643 0.991369
-150.839 2.49999 -60
-3.8147e-07 0 -1
0.929595 0.281087
-150.839 7.49999 -60
-3.8147e-07 0 -1
0.929631 0.305651
-170.839 7.49999 -60
-3.8147e-07 0 -1
0.831222 0.305658
-170.839 2.49999 -60
-3.8147e-07 0 -1
0.831177 0.281102
-170.839 2.49999 -60
-1 0 0
0.989722 0.695877
-170.839 7.49999 -60
-1 0 0
0.964956 0.695899
-170.839 7.49999 40
-1 0 0
0.964943 0.20388
-170.839 2.49999 40
-1 0 0
0.98969 0.203911
-170.839 2.49999 40
-0.447214 0 0.894427
0.831222 0.305658
-170.839 7.49999 40
-0.447214 0 0.894427
0.831222 0.281042
-150.839 7.49999 50
-0.447214 0 0.894427
0.941309 0.281042
-150.839 2.49999 50
-0.447214 0 0.894427
0.941309 0.305658
-150.839 2.49999 50
1 0 0
0.964787 0.203823
-150.839 7.49999 50
1 0 0
0.989538 0.203819
-150.839 7.49999 -60
1 0 0
0.989204 0.745039
-150.839 2.49999 -60
1 0 0
0.964724 0.745002
-210.839 2.49999 -60
-1.56706e-08 -1 -1.63424e-09
0.212473 0.991163
-210.839 2.49999 50
4.11814e-08 -1 -1.30046e-08
0.212535 0.449984
-190.839 2.49999 40
3.48724e-08 -1 -1.17429e-08
0.114023 0.499213
-190.839 2.49999 -60
-2.38419e-08 -1 0
0.114056 0.991179
-210.839 7.49999 -60
1.29469e-08 1 2.17899e-09
0.212372 0.991257
-190.839 7.49999 -60
2.38419e-08 1 0
0.114011 0.991233
-190.839 7.49999 40
-5.44438e-08 1 1.56571e-08
0.114023 0.499213
-210.839 7.49999 50
-6.28558e-08 1 1.73395e-08
0.212691 0.450041
-210.839 2.49999 -60
0 0 -1
0.929549 0.281147
-190.839 2.49999 -60
0 0 -1
0.831133 0.281163
-190.839 7.49999 -60
0 0 -1
0.831177 0.305718
-210.839 7.49999 -60
0 0 -1
0.929586 0.305712
-190.839 2.49999 -60
1 0 0
0.989565 0.69582
-190.839 2.49999 40
1 0 0
0.989534 0.203854
-190.839 7.49999 40
1 0 0
0.964787 0.203823
-190.839 7.49999 -60
1 0 0
0.9648 0.695842
-190.839 2.49999 40
0.447214 0 0.894427
0.831177 0.305718
-210.839 2.49999 50
0.447214 0 0.894427
0.941264 0.305718
-210.839 7.49999 50
0.447214 0 0.894427
0.941264 0.281102
-190.839 7.49999 40
0.447214 0 0.894427
0.831177 0.281102
-210.839 2.49999 50
-1 0 0
0.964631 0.203766
-210.839 2.49999 -60
-1 0 0
0.964568 0.744945
-210.839 7.49999 -60
-1 0 0
0.989048 0.744982
-210.839 7.49999 50
-1 0 0
0.989381 0.203762
-230.839 2.49999 -60
-8.17121e-09 -1 -1.63424e-09
0.00757273 0.993627
-250.839 2.49999 -60
0 -1 0
0.10599 0.993643
-250.839 2.49999 40
-5.87143e-08 -1 -1.17429e-08
0.106022 0.501677
-230.839 2.49999 50
-6.50233e-08 -1 -1.30046e-08
0.00750948 0.452448
-230.839 7.49999 -60
8.17121e-09 1 1.63424e-09
0.00762783 0.993667
-230.839 7.49999 50
6.50233e-08 1 1.30046e-08
0.0073084 0.452451
-250.839 7.49999 40
5.87143e-08 1 1.17429e-08
0.105977 0.501623
-250.839 7.49999 -60
0 1 0
0.10599 0.993643
-230.839 2.49999 -60
3.8147e-07 0 -1
0.843026 0.280965
-230.839 7.49999 -60
3.8147e-07 0 -1
0.84299 0.30553
-250.839 7.49999 -60
3.8147e-07 0 -1
0.941399 0.305537
-250.839 2.49999 -60
3.8147e-07 0 -1
0.941443 0.280981
-250.839 2.49999 -60
-1 0 0
0.964401 0.695771
-250.839 7.49999 -60
-1 0 0
0.989167 0.695793
-250.839 7.49999 40
-1 0 0
0.989179 0.203773
-250.839 2.49999 40
-1 0 0
0.964433 0.203805
-250.839 2.49999 40
-0.447214 0 0.894427
0.941399 0.305537
-250.839 7.49999 40
-0.447214 0 0.894427
0.941399 0.280921
-230.839 7.49999 50
-0.447214 0 0.894427
0.831312 0.280921
-230.839 2.49999 50
-0.447214 0 0.894427
0.831312 0.305537
-230.839 2.49999 50
1 0 0
0.989381 0.20377
-230.839 7.49999 50
1 0 0
0.964631 0.203766
-230.839 7.49999 -60
1 0 0
0.964964 0.744986
-230.839 2.49999 -60
1 0 0
0.989444 0.74495
-290.839 2.49999 -60
5.44748e-09 -1 -1.0895e-09
0.424836 0.991339
-290.839 2.49999 50
4.33488e-08 -1 -8.66977e-09
0.424899 0.450159
-270.839 2.49999 40
3.91428e-08 -1 -7.82857e-09
0.326387 0.499389
-270.839 2.49999 -60
0 -1 0
0.32642 0.991355
-290.839 7.49999 -60
-8.17122e-09 1 1.63424e-09
0.424736 0.991432
-270.839 7.49999 -60
0 1 0
0.326374 0.991408
-270.839 7.49999 40
-5.87143e-08 1 1.17429e-08
0.326387 0.499389
-290.839 7.49999 50
-6.50233e-08 1 1.30046e-08
0.425055 0.450216
-290.839 2.49999 -60
3.8147e-07 0 -1
0.929595 0.281087
-270.839 2.49999 -60
3.8147e-07 0 -1
0.831178 0.281103
-270.839 7.49999 -60
3.8147e-07 0 -1
0.831222 0.305658
-290.839 7.49999 -60
3.8147e-07 0 -1
0.929631 0.305651
-270.839 2.49999 -60
1 0 0
0.98941 0.695763
-270.839 2.49999 40
1 0 0
0.989377 0.203797
-270.839 7.49999 40
1 0 0
0.964631 0.203766
-270.839 7.49999 -60
1 0 0
0.964644 0.695786
-270.839 2.49999 40
0.447214 0 0.894427
0.831222 0.305658
-290.839 2.49999 50
0.447214 0 0.894427
0.941309 0.305658
-290.839 7.49999 50
0.447214 0 0.894427
0.941309 0.281042
-270.839 7.49999 40
0.447214 0 0.894427
0.831222 0.281042
-290.839 2.49999 50
-1 0 0
0.964631 0.203766
-290.839 2.49999 -60
-1 0 0
0.964568 0.744945
-290.839 7.49999 -60
-1 0 0
0.989048 0.744982
-290.839 7.49999 50
-1 0 0
0.989381 0.203762
-375.547 8.43825 33.3685
0.00230396 -0.916117 0.400904
0.159993 0.38031
-375.308 9.26025 29.9837
-0.00315279 -0.9717 -0.236197
0.160019 0.375819
-488.014 9.70428 30.3078
-0.245807 -0.0288705 0.968889
0.0156517 0.381892
-456.951 11.8449 38.2036
-0.0820231 -0.0171778 0.996482
0.0558048 0.390953
-375.547 11.881 35.2077
0.00994597 0.288686 0.957372
0.160007 0.384919
-445.395 12.0295 29.7005
-0.000512853 0.919671 -0.392689
0.0690519 0.404227
-453.1 13.8004 33.8581
0.00960746 0.998829 0.0474063
0.0600193 0.397319
-488.014 13.4364 29.5418
-0.237557 0.368346 0.898826
0.016025 0.38563
-490.664 11.0628 29.5282
-0.248797 0.190432 0.94965
0.0126134 0.382571
-375.62 13.7676 31.8027
-7.72442e-06 0.999998 -0.00190721
0.159866 0.38992
-376.735 12.3684 29.2678
-0.00837717 0.877795 -0.478963
0.158542 0.39378
-232.171 8.43816 34.0374
0.0119466 -0.951285 0.30808
0.342796 0.355944
-234.189 11.8209 37.8577
0.0173309 0.200177 0.979606
0.340426 0.362597
-150.613 11.944 32.7624
0.101785 0.265352 0.958764
0.447472 0.35334
-148.172 8.52011 31.9166
0.25058 -0.695571 0.673343
0.450628 0.349277
-232.208 13.7047 32.1591
0.00346293 0.999861 -0.0163366
0.343683 0.369912
-141.482 11.2176 29.8156
0.618882 0.177985 0.765053
0.459578 0.352916
-148.172 13.7688 30.954
0.236612 0.965894 0.105183
0.450862 0.355781
-147.76 11.9959 29.3513
0.0817532 0.678728 -0.729825
0.452369 0.358127
-232.208 12.2729 28.4072
-0.00214161 0.932483 -0.361206
0.344265 0.375001
-148.057 8.36135 29.9351
0.211059 -0.973575 0.0872086
0.451403 0.347133
-232.802 8.91617 30.2467
-0.00281211 -0.992088 -0.125515
0.341751 0.351114
-401.761 8.43828 -23.9646
-0.00123581 -0.879786 0.475368
0.12914 0.380325
-403.046 9.26028 -31.2043
-0.0048147 -0.9937 -0.111971
0.127146 0.371026
-488.109 9.70428 -30.8801
-0.174605 0.154314 0.972471
0.0179678 0.377745
-446.594 11.8449 -23.8694
-0.0899579 0.0701098 0.993475
0.0717986 0.384667
-401.761 11.881 -22.1254
0.00602748 0.363128 0.93172
0.129185 0.385156
-446.594 12.0295 -31.4874
0.0105064 0.919784 -0.392284
0.070761 0.395078
-446.594 13.8004 -27.3352
-0.0166865 0.997532 0.0682064
0.0713901 0.389379
-488.109 13.4364 -31.6462
-0.171802 0.256389 0.951183
0.0180029 0.382517
-490.69 11.0628 -31.6598
-0.173921 0.198862 0.964472
0.0147178 0.379333
-403.35 13.7676 -27.9165
0.00102462 0.999938 -0.0111241
0.127217 0.392898
-404.436 12.3684 -31.9202
-0.00337544 0.943514 -0.331316
0.125871 0.398333
-320.601 8.43822 -27.5273
0.00658032 -0.885175 0.465212
0.233309 0.374092
-320.601 11.821 -25.9019
0.0167524 0.289043 0.95717
0.233349 0.378956
-160.806 11.944 -24.2292
0.0623707 0.290355 0.954884
0.43822 0.364209
-157.076 8.52012 -26.1168
0.159878 -0.780531 0.604327
0.443105 0.359546
-320.601 13.7048 -29.0288
0.00436346 0.996555 0.0828215
0.233607 0.383643
-140.94 11.2176 -29.7981
0.568266 0.1605 0.80704
0.464228 0.362826
-157.076 13.7689 -27.8175
0.108193 0.992125 0.0631115
0.443663 0.368201
-156.188 11.9959 -30.8928
0.0482899 0.871296 -0.488377
0.445791 0.372147
-320.601 12.273 -32.7808
-0.000840813 0.934066 -0.357101
0.234012 0.388797
-156.478 8.36137 -30.309
0.0965253 -0.994062 0.050234
0.444586 0.354592
-321.18 8.91622 -30.9413
-0.00453622 -0.990538 -0.13716
0.232497 0.369682
-491.589 10.1992 58.9009
-0.134478 -0.119031 0.983742
0.818125 0.399205
-482.254 15.7623 55.9587
0.655604 0.394485 0.643867
0.81141 0.386502
-483.947 2.94289 55.9587
0.47893 -0.561404 0.674872
0.827608 0.38899
-482.103 18.4866 50
0.659184 0.67744 0.326422
0.803934 0.38078
-481.048 10.2421 50
0.970653 -0.0782965 0.227381
0.819115 0.37588
-483.069 1.22793 50
0.627502 -0.718754 0.299389
0.834841 0.383929
-497.635 4.63609 53.4852
-0.492422 -0.378948 0.78353
0.827144 0.409914
-492.072 -0.0101376 50
-0.098562 -0.774104 0.625339
0.837925 0.400645
-500.199 0.436788 50
-0.381823 -0.440994 0.812241
0.836121 0.415934
-495.942 17.4555 56.9714
-0.385687 0.51396 0.766218
0.808866 0.40442
-501.364 11.8924 50
-0.790301 0.00233348 0.612715
0.814092 0.420132
-499.734 19.2297 50
-0.617858 0.613232 0.492136
0.800751 0.412906
-488.686 20.4085 50
0.108305 0.893875 0.435037
0.798344 0.393486
-455.203 2.99147 46.3323
0.511595 -0.741663 0.433827
0.856703 0.340221
-450.918 2.87248 40.1195
0.824293 -0.336633 0.455214
0.854853 0.325311
-459.607 2.59249 44.5112
0.0478395 -0.995304 0.0841498
0.864252 0.343441
-469.902 2.71052 49.2477
-0.283027 -0.579036 0.7646
0.862363 0.361247
-459.822 3.19602 51.1431
0.293266 -0.701473 0.649562
0.856534 0.348765
-464.658 5.30287 52.2623
-0.175311 -0.0359043 0.983858
0.855817 0.355045
-470.384 6.85531 49.783
-0.368082 0.379165 0.84897
0.855294 0.363866
-464.722 7.35172 46.9996
-0.0312149 0.996305 0.0800165
0.846644 0.357926
-459.456 7.05534 52.0781
0.322621 0.517232 0.792709
0.852817 0.349944
-454.697 7.52258 47.4359
0.615364 0.608887 0.500583
0.850001 0.342576
-459.575 7.46813 44.4821
-0.0100157 0.999948 -0.00188802
0.842437 0.347385
-451.268 7.30172 40.2061
0.825558 0.41832 0.378764
0.845542 0.329087
-427.189 7.01861 47.5925
-0.498805 0.710366 0.496563
0.762185 0.34708
-430.93 7.1376 40.1195
-0.855042 0.392822 0.338518
0.764025 0.332894
-422.241 7.41759 44.5112
-0.0348986 0.996148 0.0804452
0.770759 0.351231
-411.946 7.29955 49.2477
0.432092 0.749743 0.501181
0.763341 0.371488
-419.888 6.81405 51.2377
-0.226557 0.751941 0.619077
0.76134 0.358273
-414.472 4.70719 54.0503
0.288688 -0.0258876 0.957073
0.757786 0.365017
-411.464 3.15476 49.783
0.613728 -0.582138 0.533341
0.754407 0.37063
-417.125 2.65835 46.9996
0.0353198 -0.99712 0.0671149
0.748014 0.360461
-420.254 2.95473 52.1726
-0.254687 -0.581793 0.772432
0.756237 0.357841
-427.695 2.4875 48.6961
-0.581689 -0.55785 0.591981
0.75649 0.347286
-422.272 2.54194 44.4821
0.00848619 -0.999962 -0.00199803
0.746385 0.348735
-430.58 2.70836 40.2061
-0.837512 -0.473775 0.272233
0.754278 0.332174
-375.196 2.99141 46.3323
0.499759 -0.73518 0.457986
0.727626 0.344532
-370.91 2.87243 40.1195
0.824291 -0.336633 0.455217
0.726561 0.329093
-379.599 2.59243 44.5112
0.0480092 -0.994722 0.0906845
0.73514 0.348313
-389.895 2.71046 49.2477
-0.388758 -0.70716 0.590587
0.732071 0.365948
-380.162 3.19597 50.694
0.313708 -0.72214 0.616523
0.727562 0.353704
-386.771 5.30282 53.4426
-0.226974 0.0293418 0.973459
0.726361 0.362021
-390.376 6.85526 49.783
-0.547746 0.530578 0.646886
0.724966 0.368179
-384.715 7.35166 46.9996
-0.0300258 0.995996 0.0842029
0.716666 0.36229
-379.796 7.05528 51.629
0.350969 0.543018 0.762858
0.723065 0.354925
-374.69 7.52252 47.4359
0.599375 0.598172 0.53192
0.720724 0.346568
-379.568 7.46807 44.4821
-0.0100158 0.999948 -0.00188845
0.712747 0.351198
-371.261 7.30166 40.2061
0.825557 0.418319 0.378767
0.716793 0.332517
-346.637 7.01855 46.3323
-0.503838 0.735841 0.452421
0.855117 0.3424
-350.923 7.13754 40.1195
-0.824292 0.336634 0.455214
0.853455 0.326741
-342.234 7.41753 44.5112
-0.0490316 0.995573 0.0801922
0.863296 0.346133
-331.938 7.29949 49.2477
0.468743 0.748472 0.469116
0.860085 0.36528
-339.301 6.81398 52.9312
-0.241576 0.716479 0.654445
0.854741 0.355216
-334.465 4.70713 54.0503
0.429788 -0.0156019 0.902795
0.853565 0.360125
-331.456 3.1547 49.783
0.639385 -0.576673 0.508562
0.851323 0.366113
-337.118 2.65829 46.9996
0.0361418 -0.998082 0.0502688
0.843445 0.358409
-339.667 2.95467 53.8661
-0.274432 -0.540659 0.79522
0.851678 0.355604
-347.143 2.48744 47.4359
-0.606162 -0.599434 0.52273
0.847852 0.344216
-342.265 2.54188 44.4821
0.0100155 -0.999948 -0.00188979
0.839409 0.348553
-350.572 2.7083 40.2061
-0.825558 -0.41832 0.378764
0.843052 0.328231
-311.589 10.1991 55.4147
-0.198998 0.022334 0.979745
0.817462 0.398045
-302.254 15.7622 55.9588
0.562103 0.373432 0.737963
0.805283 0.391282
-303.947 2.9428 55.9588
0.432797 -0.505742 0.746265
0.818839 0.384822
-302.103 18.4865 50
0.659184 0.67744 0.326422
0.797047 0.390277
-301.048 10.2421 50
0.970653 -0.0782972 0.227381
0.806488 0.380738
-303.069 1.22784 50
0.627501 -0.718756 0.299386
0.821142 0.377317
-317.635 4.63601 53.4852
-0.432499 -0.278562 0.857524
0.830495 0.400338
-312.072 -0.0102167 50
-0.0985624 -0.774104 0.625339
0.833327 0.386955
-320.199 0.436713 50
-0.381823 -0.440992 0.812242
0.842021 0.40007
-315.942 17.4554 53.4852
-0.314806 0.472556 0.823158
0.810871 0.409386
-321.364 11.8923 50
-0.63805 0.0644977 0.767289
0.824816 0.415071
-319.734 19.2296 50
-0.478109 0.454497 0.751561
0.810838 0.418812
-308.686 20.4084 50
0.0380745 0.825432 0.563216
0.797456 0.402944
-275.203 2.99137 46.3323
0.511595 -0.741663 0.433828
0.735917 0.343026
-270.918 2.87238 40.1196
0.824291 -0.336636 0.455215
0.738195 0.328644
-279.607 2.59239 44.5112
0.047839 -0.995304 0.0841498
0.742222 0.348473
-289.902 2.71043 49.2477
-0.283026 -0.579036 0.7646
0.734228 0.365911
-279.822 3.19593 51.1431
0.293267 -0.701472 0.649563
0.732958 0.351048
-284.658 5.30278 52.2623
-0.17531 -0.0359052 0.983858
0.729863 0.357069
-290.384 6.85522 49.783
-0.368081 0.379164 0.848971
0.725845 0.366242
-284.722 7.35163 46.9997
-0.0312144 0.996305 0.0800163
0.720832 0.355414
-279.456 7.05525 52.0781
0.32262 0.517233 0.792708
0.729156 0.350609
-274.697 7.52248 47.4359
0.615364 0.608887 0.500584
0.729008 0.343024
-279.576 7.46804 44.4821
-0.0100152 0.999948 -0.00188808
0.720624 0.344943
-271.268 7.30162 40.2061
0.825559 0.418316 0.378768
0.728808 0.329432
-247.189 7.0185 47.5925
-0.498806 0.710365 0.496563
0.790955 0.354285
-250.93 7.13749 40.1196
-0.855041 0.392824 0.338517
0.78864 0.368401
-242.241 7.41748 44.5112
-0.0348981 0.996148 0.0804451
0.782525 0.349849
-231.946 7.29943 49.2477
0.432092 0.749743 0.50118
0.79062 0.329852
-239.888 6.81393 51.2377
-0.226556 0.751941 0.619077
0.792176 0.343127
-234.472 4.70708 54.0503
0.288689 -0.0258875 0.957073
0.795955 0.336506
-231.464 3.15464 49.783
0.613729 -0.582139 0.53334
0.79952 0.33101
-237.125 2.65824 46.9997
0.0353193 -0.99712 0.067115
0.805568 0.341388
-240.254 2.95462 52.1726
-0.254687 -0.581793 0.772432
0.797261 0.34373
-247.695 2.48739 48.6961
-0.581689 -0.557851 0.59198
0.796654 0.354271
-242.272 2.54183 44.4821
0.00848565 -0.999962 -0.00199805
0.806802 0.353162
-250.58 2.70825 40.2061
-0.837513 -0.473773 0.272233
0.798357 0.369448
-195.196 2.99128 46.3323
0.499759 -0.73518 0.457986
0.849401 0.348473
-190.91 2.87229 40.1196
0.824291 -0.336633 0.455217
0.854431 0.361725
-199.599 2.5923 44.5112
0.0480087 -0.994722 0.0906846
0.841059 0.346897
-209.895 2.71034 49.2477
-0.388758 -0.70716 0.590586
0.839141 0.327131
-200.162 3.19584 50.694
0.313707 -0.72214 0.616523
0.847184 0.339659
-206.771 5.30269 53.4426
-0.226974 0.0293416 0.973459
0.846407 0.33068
-210.376 6.85513 49.783
-0.547746 0.530578 0.646886
0.846846 0.324057
-204.715 7.35153 46.9997
-0.0300253 0.995996 0.0842025
0.85618 0.330121
-199.796 7.05515 51.629
0.350969 0.543018 0.762858
0.851426 0.337796
-194.69 7.52239 47.4359
0.599375 0.598173 0.53192
0.855585 0.345194
-199.568 7.46794 44.4821
-0.0100154 0.999948 -0.00188837
0.862156 0.339078
-191.261 7.30153 40.2061
0.825557 0.418319 0.378767
0.863133 0.357849
-166.637 7.0184 46.3323
-0.503837 0.735841 0.452421
0.848725 0.350388
-170.923 7.13739 40.1196
-0.824292 0.336634 0.455214
0.851934 0.367039
-162.234 7.41738 44.5112
-0.0490312 0.995573 0.0801924
0.840288 0.34725
-151.938 7.29934 49.2477
0.468743 0.748471 0.469117
0.842198 0.328707
-159.301 6.81384 52.9312
-0.241576 0.716479 0.654445
0.848139 0.33745
-154.465 4.70698 54.0503
0.429788 -0.015602 0.902795
0.84898 0.332199
-151.456 3.15455 49.783
0.639384 -0.576674 0.508562
0.850303 0.32506
-157.118 2.65814 46.9997
0.0361413 -0.998082 0.050269
0.859157 0.332876
-159.667 2.95452 53.8661
-0.274432 -0.540659 0.79522
0.851118 0.336622
-167.143 2.48729 47.4359
-0.606162 -0.599434 0.52273
0.855699 0.347576
-162.265 2.54174 44.4821
0.010015 -0.999948 -0.00188965
0.863522 0.342611
-170.572 2.70816 40.2061
-0.825558 -0.41832 0.378764
0.861454 0.362041
[ INDEX_DATA ]
0 2 1
2 0 3
4 6 5
6 4 7
8 10 9
10 8 11
12 14 13
14 12 15
16 18 17
18 16 19
20 22 21
22 20 23
24 26 25
26 24 27
28 30 29
30 28 31
32 34 33
34 32 35
36 38 37
38 36 39
40 42 41
42 40 43
44 46 45
46 44 47
48 50 49
50 48 51
52 54 53
54 52 55
56 58 57
58 56 59
60 62 61
62 60 63
64 66 65
66 64 67
68 70 69
70 68 71
72 74 73
74 72 75
76 78 77
78 76 79
80 82 81
82 80 83
84 86 85
86 84 87
88 90 89
90 88 91
92 94 93
94 92 95
96 98 97
98 96 99
100 102 101
102 100 103
104 106 105
106 104 107
108 110 109
110 108 111
112 114 113
114 112 115
116 118 117
118 116 119
120 122 121
122 120 123
124 126 125
126 124 127
128 130 129
130 128 131
132 134 133
134 132 135
136 138 137
138 136 139
140 142 141
142 140 143
144 146 145
146 144 147
148 150 149
150 148 151
152 154 153
154 152 155
156 158 157
158 156 159
160 162 161
162 160 163
164 166 165
166 164 167
168 170 169
170 168 171
172 174 173
174 172 175
176 178 177
178 176 179
180 182 181
182 180 183
184 186 185
186 184 187
188 190 189
190 188 191
192 194 193
194 192 195
196 198 197
198 196 199
200 202 201
202 200 203
204 206 205
206 204 207
208 210 209
210 208 211
212 214 213
214 212 215
216 218 217
218 216 219
220 222 221
222 220 223
224 226 225
226 224 227
228 230 229
230 228 231
232 234 233
234 232 235
236 238 237
238 236 239
240 242 241
242 240 243
244 246 245
246 244 247
248 250 249
250 248 251
252 254 253
254 252 255
256 258 257
258 256 259
260 262 261
262 260 263
264 266 265
266 264 267
268 270 269
270 268 271
272 274 273
274 272 275
276 278 277
278 276 279
280 282 281
282 280 283
284 286 285
286 284 287
288 290 289
291 288 292
288 291 290
293 295 294
291 296 290
291 295 296
291 294 295
292 294 291
294 292 297
294 298 293
298 294 297
299 301 300
301 299 302
303 292 300
292 303 297
304 306 305
300 288 299
288 300 292
297 307 298
307 297 303
308 299 309
299 308 302
301 303 300
303 301 305
288 309 299
309 288 289
302 304 301
307 305 306
305 307 303
308 304 302
301 304 305
310 312 311
313 310 314
310 313 312
315 317 316
313 318 312
313 317 318
313 316 317
314 316 313
316 314 319
316 320 315
320 316 319
321 323 322
323 321 324
325 314 322
314 325 319
326 328 327
322 310 321
310 322 314
319 329 320
329 319 325
330 321 331
321 330 324
323 325 322
325 323 327
310 331 321
331 310 311
324 326 323
329 327 328
327 329 325
330 326 324
323 326 327
332 334 333
333 336 335
333 334 336
334 337 336
332 338 334
334 339 337
334 338 339
338 340 339
332 341 338
338 342 340
338 341 342
341 343 342
332 333 341
341 344 343
341 333 344
333 335 344
345 347 346
347 349 348
349 347 345
350 351 348
351 353 352
353 351 350
354 356 355
348 349 350
352 354 355
354 352 353
354 346 356
346 354 345
349 353 350
345 353 349
353 345 354
357 359 358
359 361 360
361 359 357
362 363 360
363 365 364
365 363 362
366 368 367
360 361 362
364 366 367
366 364 365
366 358 368
358 366 357
361 365 362
357 365 361
365 357 366
369 371 370
371 373 372
373 371 369
374 375 372
375 377 376
377 375 374
378 380 379
372 373 374
376 378 379
378 376 377
378 370 380
370 378 369
373 377 374
369 377 373
377 369 378
381 383 382
383 385 384
385 383 381
386 387 384
387 389 388
389 387 386
390 392 391
384 385 386
388 390 391
390 388 389
390 382 392
382 390 381
385 389 386
381 389 385
389 381 390
393 395 394
394 397 396
394 395 397
395 398 397
393 399 395
395 400 398
395 399 400
399 401 400
393 402 399
399 403 401
399 402 403
402 404 403
393 394 402
402 405 404
402 394 405
394 396 405
406 408 407
408 410 409
410 408 406
411 412 409
412 414 413
414 412 411
415 417 416
409 410 411
413 415 416
415 413 414
415 407 417
407 415 406
410 414 411
406 414 410
414 406 415
418 420 419
420 422 421
422 420 418
423 424 421
424 426 425
426 424 423
427 429 428
421 422 423
425 427 428
427 425 426
427 419 429
419 427 418
422 426 423
418 426 422
426 418 427
430 432 431
432 434 433
434 432 430
435 436 433
436 438 437
438 436 435
439 441 440
433 434 435
437 439 440
439 437 438
439 431 441
431 439 430
434 438 435
430 438 434
438 430 439
442 444 443
444 446 445
446 444 442
447 448 445
448 450 449
450 448 447
451 453 452
445 446 447
449 451 452
451 449 450
451 443 453
443 451 442
446 450 447
442 450 446
450 442 451

