[ MESH_DATA ]
531
1860
0
1

[ VERTEX_DATA ]
0.571846 -0.139901 -0.00162149
0.904045 0.42716 0.0154101
0.383106 0.350259
0.283205 -0.139901 0.423998
0.48114 0.386555 0.786817
0.383106 0.358752
0.193479 0.242359 0.285424
0.52102 0.309311 0.795528
0.398283 0.358752
0.392394 0.242359 -0.00162151
0.925016 0.379129 0.0246309
0.398283 0.350259
-0.303338 -0.139901 0.481428
-0.410498 0.394398 0.822157
0.383106 0.365968
-0.213613 0.242359 0.342854
-0.362217 0.198338 0.910747
0.398283 0.365968
-0.303338 -0.139901 0.481428
-0.410498 0.394398 0.822157
0.383106 0.317657
-0.615171 -0.139901 -0.000172208
-0.903343 0.428571 -0.0172502
0.383106 0.326945
-0.435719 0.242359 -0.00017221
-0.994063 0.105467 -0.0267556
0.398283 0.326945
-0.213613 0.242359 0.342854
-0.362217 0.198338 0.910747
0.398283 0.317657
-0.293848 -0.139901 -0.458512
-0.420369 0.397399 -0.815698
0.383106 0.335172
-0.204122 0.242358 -0.319937
-0.390963 0.168765 -0.904802
0.398283 0.335172
0.29387 -0.139901 -0.443833
0.459366 0.397458 -0.794361
0.383106 0.343845
0.204144 0.242358 -0.305258
0.500912 0.304234 -0.810265
0.398283 0.343845
-0.0323039 0.958665 0.258623
0.493513 0.0127131 0.869646
0.410226 0.358752
0.153727 0.945077 -0.00859715
0.989161 0.146751 -0.00495247
0.410226 0.350259
-0.412983 0.966794 0.31117
-0.474442 -0.0786574 0.876766
0.410226 0.365968
-0.620647 0.957327 -0.00931048
-0.99715 -0.0528589 -0.0538403
0.410226 0.326945
-0.412983 0.966794 0.31117
-0.474442 -0.0786574 0.876766
0.410226 0.317657
-0.404052 0.942043 -0.306965
-0.469806 0.0383166 -0.881937
0.410226 0.335172
-0.0222812 0.936575 -0.292257
0.438872 0.142563 -0.887168
0.410226 0.343845
0.0515443 2.00396 0.398858
0.522872 0.00824853 0.852371
0.43166 0.358752
0.221574 1.96668 0.158603
0.997383 0.0368623 0.0621887
0.43166 0.350259
-0.300715 2.0262 0.441973
-0.370881 -0.0112442 0.928612
0.43166 0.365968
-0.495932 2.00015 0.148662
-0.999842 -0.00247652 0.0175794
0.43166 0.326945
-0.300715 2.0262 0.441973
-0.370881 -0.0112442 0.928612
0.43166 0.317657
-0.29785 1.95821 -0.118844
-0.408577 0.0594106 -0.910788
0.43166 0.335172
0.0560102 1.94328 -0.100915
0.53988 0.0763857 -0.838269
0.43166 0.343845
-0.0922386 2.93701 0.305739
0.51963 0.0856284 0.850089
0.450883 0.358752
0.0645863 2.89821 0.0853845
0.989259 0.145137 -0.0173445
0.450883 0.350259
-0.418102 2.96015 0.344279
-0.430221 -0.0265162 0.902334
0.450883 0.365968
-0.599375 2.93303 0.0740134
-0.995665 -0.0814384 -0.0449308
0.450883 0.326945
-0.418102 2.96015 0.344279
-0.430221 -0.0265162 0.902334
0.450883 0.317657
-0.416688 2.88939 -0.171286
-0.426146 -0.0290804 -0.904187
0.450883 0.335172
-0.0892268 2.87385 -0.153691
0.481248 0.0711339 -0.873694
0.450883 0.343845
-0.194718 3.9316 0.36108
0.522335 0.0720235 0.849693
0.465623 0.358752
-0.0503474 3.90042 0.156351
0.987093 0.158255 0.024566
0.465623 0.350259
-0.495304 3.95021 0.398155
-0.389733 -0.0564199 0.919198
0.465623 0.365968
-0.662686 3.92843 0.148502
-0.992681 -0.12076 0.00155552
0.465623 0.326945
-0.495304 3.95021 0.398155
-0.389733 -0.0564199 0.919198
0.465623 0.317657
-0.494118 3.89335 -0.0796447
-0.421936 -0.00558825 -0.906609
0.465623 0.335172
-0.192125 3.88086 -0.0646596
0.507565 0.122663 -0.852837
0.465623 0.343845
-0.409998 4.96427 0.330241
0.511286 0.155917 0.845149
0.489414 0.358752
-0.278659 4.9319 0.145158
0.977382 0.211204 0.0108225
0.489414 0.350259
-0.684569 4.98357 0.363053
-0.406434 -0.00769022 0.913648
0.489414 0.365968
-0.837539 4.96094 0.136087
-0.987216 -0.159264 0.00624165
0.489414 0.326945
-0.684569 4.98357 0.363053
-0.406434 -0.00769022 0.913648
0.489414 0.317657
-0.684009 4.92453 -0.0702303
-0.436569 -0.0992549 -0.894179
0.489414 0.335172
-0.407899 4.91158 -0.0559371
0.494115 0.0819325 -0.865527
0.489414 0.343845
-0.594994 5.89686 0.239285
0.50154 0.195856 0.842673
0.517946 0.358752
-0.474807 5.86381 0.0727948
0.984591 0.174256 0.0146558
0.517946 0.350259
-0.843631 5.91655 0.267896
-0.419226 0.0761825 0.90468
0.517946 0.365968
-0.981127 5.89345 0.0630303
-0.993567 -0.11305 0.0066411
0.517946 0.326945
-0.843631 5.91655 0.267896
-0.419226 0.0761825 0.90468
0.517946 0.317657
-0.841188 5.85628 -0.122271
-0.442549 -0.150658 -0.883998
0.517946 0.335172
-0.591681 5.84306 -0.108287
0.495228 -0.00762619 -0.868729
0.517946 0.343845
-0.708471 6.82532 0.0671389
0.522265 0.156979 0.838211
0.55072 0.358752
-0.600669 6.79895 -0.0835619
0.992312 0.122835 -0.0150804
0.55072 0.350259
-0.931141 6.84104 0.0937631
-0.427273 0.0669933 0.901637
0.55072 0.365968
-1.05408 6.8226 -0.0907395
-0.996499 -0.072691 -0.0413062
0.55072 0.326945
-0.931141 6.84104 0.0937631
-0.427273 0.0669933 0.901637
0.55072 0.317657
-0.928538 6.79294 -0.258508
-0.424013 -0.104443 -0.899614
0.55072 0.335172
-0.704946 6.78239 -0.246783
0.490157 -0.0181137 -0.871446
0.55072 0.343845
-0.810534 7.8194 0.021307
0.504682 0.0706296 0.860412
0.567632 0.358752
-0.715189 7.80153 -0.114012
0.998309 0.0522604 0.0254405
0.567632 0.350259
-1.00726 7.83006 0.0462594
-0.432743 0.0533807 0.899935
0.567632 0.365968
-1.11572 7.81759 -0.118106
-0.999802 0.00327089 -0.0196393
0.567632 0.326945
-1.00726 7.83006 0.0462594
-0.432743 0.0533807 0.899935
0.567632 0.317657
-1.00466 7.79749 -0.268792
-0.44871 -0.0280676 -0.893237
0.567632 0.335172
-0.807154 7.79033 -0.259455
0.489899 -0.00371135 -0.871771
0.567632 0.343845
-0.785406 8.74763 -0.0505085
0.526477 -0.0109658 0.850118
0.580205 0.358752
-0.701902 8.73687 -0.169763
0.999831 -0.0167925 0.00742062
0.580205 0.350259
-0.957303 8.75405 -0.0272484
-0.429573 0.0361841 0.902307
0.580205 0.365968
-1.0504 8.74655 -0.171284
-0.995341 0.0775604 -0.0572765
0.580205 0.326945
-0.957303 8.75405 -0.0272484
-0.429573 0.0361841 0.902307
0.580205 0.317657
-0.952724 8.73446 -0.304353
-0.423795 0.0535587 -0.904173
0.580205 0.335172
-0.779833 8.73013 -0.297771
0.497395 0.0115252 -0.867448
0.580205 0.343845
-0.751045 9.67829 0.00782048
0.497756 -0.0289002 0.866835
0.599511 0.358752
-0.682269 9.67018 -0.0923773
0.994992 -0.0845616 0.0532854
0.599511 0.350259
-0.893724 9.68314 0.0260332
-0.42224 0.0756074 0.903325
0.599511 0.365968
-0.973504 9.67748 -0.0956822
-0.990755 0.135631 0.00297181
0.599511 0.326945
-0.893724 9.68314 0.0260332
-0.42224 0.0756074 0.903325
0.599511 0.317657
-0.894021 9.66836 -0.206894
-0.453704 0.0782065 -0.887714
0.599511 0.335172
-0.750306 9.6651 -0.199881
0.500768 -0.0285053 -0.865112
0.599511 0.343845
-0.597765 10.6428 -0.0923606
0.534676 -0.0376278 0.844219
0.610602 0.358752
-0.54215 10.6362 -0.174086
0.9948 -0.101765 -0.00413588
0.610602 0.350259
-0.714299 10.6468 -0.0776848
-0.41358 0.0931839 0.905687
0.610602 0.365968
-0.780062 10.6422 -0.177299
-0.985706 0.160624 -0.0508305
0.610602 0.326945
-0.714299 10.6468 -0.0776848
-0.41358 0.0931839 0.905687
0.610602 0.317657
-0.71554 10.6347 -0.268126
-0.411761 0.0643351 -0.909018
0.610602 0.335172
-0.598136 10.632 -0.262128
0.502909 -0.0529684 -0.862715
0.610602 0.343845
-0.524458 11.5746 -0.056741
0.510668 -0.00998387 0.85972
0.62797 0.358752
-0.48164 11.5688 -0.120051
0.99633 -0.074224 0.0426212
0.62797 0.350259
-0.615201 11.5781 -0.0455055
-0.407226 0.0839306 0.909463
0.62797 0.365968
-0.666979 11.574 -0.122915
-0.99179 0.12768 0.00717711
0.62797 0.326945
-0.615201 11.5781 -0.0455055
-0.407226 0.0839306 0.909463
0.62797 0.317657
-0.617147 11.5675 -0.193344
-0.442409 0.0565714 -0.895027
0.62797 0.335172
-0.525681 11.5651 -0.188497
0.510108 -0.0426064 -0.859054
0.62797 0.343845
-0.434694 12.508 -0.164783
0.446959 0.671565 0.590956
0.637552 0.358752
-0.403715 12.5006 -0.209308
0.837606 0.543879 -0.0511142
0.637552 0.350259
-0.500275 12.5125 -0.157225
-0.278009 0.716945 0.639297
0.637552 0.365968
-0.537581 12.5073 -0.212133
-0.742774 0.663737 -0.0879785
0.637552 0.326945
-0.500275 12.5125 -0.157225
-0.278009 0.716945 0.639297
0.637552 0.317657
-0.501468 12.4989 -0.261689
-0.288946 0.564089 -0.773507
0.637552 0.335172
-0.435417 12.4959 -0.257864
0.433851 0.513536 -0.740307
0.637552 0.343845
-0.500275 12.5125 -0.157225
-0.278009 0.716945 0.639297
0.427584 0.278137
-0.537581 12.5073 -0.212133
-0.742774 0.663737 -0.0879785
0.417475 0.258947
-0.501468 12.4989 -0.261689
-0.288946 0.564089 -0.773507
0.397161 0.25968
-0.435417 12.4959 -0.257864
0.433851 0.513536 -0.740307
0.387695 0.277429
-0.403715 12.5006 -0.209308
0.837606 0.543879 -0.0511142
0.396851 0.294061
-0.434694 12.508 -0.164783
0.446959 0.671565 0.590956
0.414862 0.293785
-0.731347 2.97521 4.72201
-0.410236 0.684516 0.602614
0.229867 0.851804
-1.88976 1.36274 5.90882
-0.335108 0.766062 0.548499
0.323556 0.851804
-3.96206 1.53792 4.39808
-0.494414 0.807764 0.321048
0.323556 0.917798
-2.93232 3.10065 3.03971
-0.593191 0.66031 0.46056
0.229867 0.917798
0.0688004 7.29817 0.941157
-0.435874 0.650445 0.622041
0.0424888 0.851804
-0.0439451 5.00881 3.13001
-0.428306 0.632909 0.644965
0.136178 0.851804
-1.95492 5.26525 1.64885
-0.591427 0.617376 0.518711
0.136178 0.917798
-0.818268 7.49422 0.0743418
-0.559725 0.649218 0.515
0.0424888 0.917798
-6.40815 -0.301678 4.61384
-0.603641 0.792933 -0.0829125
0.417245 0.983792
-5.43144 0.392907 2.42514
-0.704715 0.699454 0.118918
0.323556 0.983792
-5.43606 0.752017 6.12624
-0.291586 0.939715 0.178641
0.417245 0.917798
-4.60282 2.00618 0.95945
-0.761815 0.583672 0.281006
0.229867 0.983792
-1.71317 7.05518 -0.689257
-0.691323 0.606456 0.392791
0.0424888 0.983792
-3.47482 4.37983 -0.0895607
-0.753126 0.553298 0.355898
0.136178 0.983792
-3.71428 0.0656576 7.07859
-0.102506 0.867849 0.486138
0.417245 0.851804
2.64065 3.4118 2.02452
0.346081 0.632061 0.693345
0.229867 0.851804
2.93267 1.8094 3.4567
0.343924 0.718136 0.604977
0.323556 0.851804
0.729536 2.0712 4.3984
0.0700742 0.776512 0.626194
0.323556 0.917798
0.234863 3.63892 2.98451
0.128701 0.617845 0.775696
0.229867 0.917798
0.260876 7.73693 -0.25377
0.347239 0.596387 0.723704
0.0424888 0.851804
1.82124 5.43468 0.793216
0.3696 0.577154 0.72821
0.136178 0.851804
-0.275163 5.77129 1.62327
0.176514 0.570478 0.802121
0.136178 0.917798
-0.851149 7.97841 0.0483699
0.191765 0.602733 0.774558
0.0424888 0.917798
-0.393404 0.319822 6.38544
-0.332179 0.792782 0.511032
0.417245 0.983792
-1.63037 1.13705 4.57532
-0.218094 0.682998 0.6971
0.323556 0.983792
1.35138 1.19938 6.38137
0.0617698 0.920676 0.385408
0.417245 0.917798
-2.3054 2.75864 3.27326
-0.116631 0.554416 0.824027
0.229867 0.983792
-1.92237 7.61859 0.37885
0.0166878 0.568814 0.822297
0.0424888 0.983792
-2.45629 5.06214 1.9653
-0.050146 0.518298 0.853728
0.136178 0.983792
2.90708 0.498731 5.42909
0.417416 0.826133 0.378508
0.417245 0.851804
2.98149 3.60657 -0.050682
0.685415 0.64063 0.34612
0.229867 0.851804
3.98211 2.07805 1.02646
0.635199 0.723652 0.269909
0.323556 0.851804
2.72289 2.45362 2.98292
0.421606 0.793919 0.438111
0.323556 0.917798
1.56801 3.95704 2.0335
0.551819 0.638178 0.536866
0.229867 0.917798
-0.132855 7.84926 -0.802422
0.702922 0.605997 0.372382
0.0424888 0.851804
1.67109 5.57355 -0.697269
0.723658 0.586027 0.364544
0.136178 0.851804
0.437823 6.01417 1.10668
0.60551 0.589817 0.534298
0.136178 0.917798
-0.862113 8.1398 0.0397115
0.60309 0.620458 0.501313
0.0424888 0.917798
2.88273 0.855006 5.29218
0.0245336 0.822755 0.567867
0.417245 0.983792
0.89905 1.64219 4.46767
0.221882 0.714798 0.663199
0.323556 0.983792
4.30361 1.64361 4.28732
0.281435 0.929992 0.236453
0.417245 0.917798
-0.339341 3.20918 3.70485
0.375255 0.586568 0.71772
0.229867 0.983792
-1.55148 7.84253 0.912539
0.484707 0.59541 0.640739
0.0424888 0.983792
-1.14744 5.42077 2.61541
0.44639 0.548786 0.706803
0.136178 0.983792
5.02731 0.865178 2.69961
0.570167 0.820739 0.0360333
0.417245 0.851804
-3.72491 3.51913 1.68841
-0.84516 0.50929 -0.162261
0.229867 0.851804
-4.74483 1.80219 1.13331
-0.786969 0.606485 -0.11338
0.323556 0.851804
-4.22403 2.06133 -1.09539
-0.647671 0.678694 -0.34626
0.323556 0.917798
-3.09668 3.75541 -0.704144
-0.777238 0.497876 -0.384734
0.229867 0.917798
-1.25079 8.04471 1.05943
-0.864511 0.469838 -0.178531
0.0424888 0.851804
-2.61181 5.63939 1.7134
-0.878676 0.448794 -0.162824
0.136178 0.851804
-2.07885 5.97719 -0.371886
-0.819815 0.444436 -0.361081
0.136178 0.917798
-0.87308 8.3012 0.0310541
-0.812019 0.47909 -0.333314
0.0424888 0.917798
-4.82771 0.217618 -3.04355
-0.317896 0.735848 -0.597888
0.417245 0.983792
-2.87189 1.29869 -2.96673
-0.516655 0.594905 -0.615756
0.323556 0.983792
-5.94897 0.943601 -1.73871
-0.474462 0.854326 -0.212163
0.417245 0.917798
-1.73252 3.04014 -2.77893
-0.658601 0.444172 -0.607418
0.229867 0.983792
-0.456192 7.98336 -0.964535
-0.739426 0.450193 -0.500576
0.0424888 0.983792
-0.984756 5.39499 -2.209
-0.716611 0.400229 -0.571213
0.136178 0.983792
-6.02892 0.31035 0.0161441
-0.668867 0.739235 0.078407
0.417245 0.851804
-1.02092 3.68898 -3.04262
0.308595 0.549744 -0.776242
0.229867 0.851804
-0.000292778 2.13154 -3.83757
0.232685 0.637558 -0.734423
0.323556 0.851804
1.90278 2.67165 -2.76576
0.407175 0.7377 -0.538524
0.323556 0.917798
1.00981 4.22644 -1.82649
0.50409 0.567601 -0.65094
0.229867 0.917798
-1.70735 8.08464 -0.599919
0.334861 0.513486 -0.790064
0.0424888 0.851804
-1.62811 5.70607 -2.02538
0.326657 0.490851 -0.807688
0.136178 0.851804
0.127399 6.3024 -0.980612
0.500496 0.512566 -0.697696
0.136178 0.917798
-0.884044 8.4626 0.0224017
0.46704 0.542786 -0.698038
0.0424888 0.917798
4.12916 1.1702 -2.80222
0.550725 0.820366 -0.153953
0.417245 0.983792
3.39725 2.15304 -0.994207
0.64086 0.688751 -0.339
0.323556 0.983792
3.10687 1.72434 -4.20752
0.208183 0.88815 -0.409695
0.417245 0.917798
2.684 3.78101 0.00921828
0.692208 0.542246 -0.476253
0.229867 0.983792
-0.022096 8.27973 0.679339
0.611138 0.535516 -0.582866
0.0424888 0.983792
1.63246 5.96047 0.53717
0.679435 0.495282 -0.541354
0.136178 0.983792
1.58151 0.875281 -4.73612
-0.000485665 0.739021 -0.673682
0.417245 0.851804
-2.84684 4.0098 -2.33778
-0.0241316 0.509579 -0.860086
0.229867 0.851804
-2.47761 2.38303 -3.39804
-0.0630583 0.605676 -0.793209
0.323556 0.851804
-0.303577 2.69028 -3.33627
0.190885 0.684853 -0.703235
0.323556 0.917798
-0.498686 4.3 -2.20689
0.207658 0.504548 -0.838039
0.229867 0.917798
-1.90691 8.35112 -0.142235
-0.0109755 0.470495 -0.882334
0.0424888 0.851804
-2.71383 6.03522 -1.2912
-0.0286102 0.448965 -0.893091
0.136178 0.851804
-0.673488 6.41378 -1.19064
0.177456 0.450286 -0.875073
0.136178 0.917798
-0.881167 8.62402 0.0147654
0.150861 0.484206 -0.86185
0.0424888 0.917798
1.44946 0.980712 -4.2734
0.50169 0.750378 -0.430396
0.417245 0.983792
1.72213 2.01793 -2.43043
0.483345 0.609049 -0.628837
0.323556 0.983792
-0.00215858 1.63386 -5.07158
0.0893265 0.85757 -0.506552
0.417245 0.917798
1.71808 3.67815 -1.32859
0.450963 0.457485 -0.766381
0.229867 0.983792
0.136557 8.34877 0.214141
0.329993 0.460216 -0.8242
0.0424888 0.983792
1.26629 5.9114 -0.519238
0.405119 0.412303 -0.816018
0.136178 0.983792
-1.63972 0.984262 -4.81215
-0.230952 0.733699 -0.63902
0.417245 0.851804
1.72521 4.39733 1.80369
0.461176 0.6019 0.651946
0.229867 0.851804
1.84492 2.99619 3.12339
0.466804 0.684259 0.560253
0.323556 0.851804
-0.0228491 3.52862 4.02935
0.204842 0.780869 0.590155
0.323556 0.917798
-0.324345 4.92488 2.73449
0.247926 0.620976 0.743587
0.229867 0.917798
0.0667694 8.42596 -0.29176
0.458817 0.567508 0.683682
0.0424888 0.851804
1.20109 6.24001 0.665903
0.478506 0.545523 0.688067
0.136178 0.851804
-0.568207 6.82156 1.46614
0.289941 0.568384 0.769983
0.136178 0.917798
-0.869707 8.78546 0.00776785
0.308195 0.59721 0.740511
0.0424888 0.917798
-1.14349 2.18881 5.89823
-0.196228 0.848845 0.490873
0.417245 0.983792
-2.20595 3.00401 4.30611
-0.0898729 0.730909 0.676532
0.323556 0.983792
0.498838 2.74689 5.79916
0.205358 0.916183 0.344147
0.417245 0.917798
-2.65496 4.47349 3.11506
-0.00130905 0.594034 0.804439
0.229867 0.983792
-1.84259 8.6117 0.353102
0.132501 0.58968 0.796694
0.0424888 0.983792
-2.55977 6.47802 1.87472
0.0608772 0.550093 0.832881
0.136178 0.983792
1.74295 1.90802 4.92337
0.543942 0.77291 0.326707
0.417245 0.851804
1.9671 4.49865 0.0818616
0.766791 0.552965 0.325978
0.229867 0.851804
2.66061 3.07039 1.0894
0.728396 0.639247 0.246583
0.323556 0.851804
1.60074 3.61603 2.80568
0.526487 0.744166 0.411131
0.323556 0.917798
0.76873 5.0451 1.91147
0.634173 0.575769 0.516057
0.229867 0.917798
-0.253237 8.5762 -0.733075
0.779397 0.517241 0.353555
0.0424888 0.851804
1.05486 6.36325 -0.559508
0.797201 0.494348 0.346541
0.136178 0.851804
0.0256452 6.9579 1.01966
0.680734 0.520453 0.51549
0.136178 0.917798
-0.858249 8.94691 0.000765279
0.682523 0.549915 0.481409
0.0424888 0.917798
1.54761 2.26807 4.90368
0.137142 0.831784 0.537891
0.417245 0.983792
-0.0992832 3.17311 4.13964
0.317874 0.701376 0.637987
0.323556 0.983792
2.89107 2.75537 3.99399
0.406214 0.890708 0.204033
0.417245 0.917798
-0.996879 4.67413 3.40838
0.452256 0.555433 0.697825
0.229867 0.983792
-1.49959 8.79783 0.780792
0.561866 0.546401 0.62109
0.0424888 0.983792
-1.43836 6.67816 2.36888
0.517543 0.507897 0.688614
0.136178 0.983792
3.43177 1.93303 2.61512
0.677205 0.735738 0.00904995
0.417245 0.851804
-3.7955 5.06389 -1.15577
-0.336163 0.530548 -0.778148
0.229867 0.851804
-4.0353 3.55584 -2.16858
-0.334562 0.628059 -0.702574
0.323556 0.851804
-2.16492 3.65924 -2.96682
-0.0602622 0.682172 -0.728705
0.323556 0.917798
-1.75388 5.13566 -1.96338
-0.117998 0.504434 -0.85535
0.229867 0.917798
-1.78972 8.94436 0.264628
-0.337155 0.491006 -0.803268
0.0424888 0.851804
-3.10689 6.89893 -0.355496
-0.359549 0.471394 -0.805302
0.136178 0.851804
-1.32739 7.07827 -1.07009
-0.165733 0.453986 -0.87546
0.136178 0.917798
-0.846787 9.10835 -0.0062286
-0.181133 0.489799 -0.852812
0.0424888 0.917798
-1.20504 1.95815 -4.41331
0.340834 0.713182 -0.612538
0.417245 0.983792
-0.173096 2.85148 -2.98348
0.228232 0.578924 -0.782788
0.323556 0.983792
-2.6759 2.69853 -4.52919
-0.053858 0.858367 -0.510201
0.417245 0.917798
0.391482 4.35942 -2.07825
0.127554 0.434233 -0.891724
0.229867 0.983792
0.0597809 8.76604 -0.230612
-0.00571342 0.449097 -0.893465
0.0424888 0.983792
0.51566 6.43978 -1.25293
0.0612301 0.394522 -0.916844
0.136178 0.983792
-4.001 2.22772 -3.66464
-0.409953 0.766674 -0.494115
0.417245 0.851804
-4.10046 5.51618 0.494205
-0.665394 0.583276 -0.465876
0.229867 0.851804
-4.91491 4.11123 -0.244991
-0.617667 0.676624 -0.400833
0.323556 0.851804
-3.78638 4.1764 -1.874
-0.396792 0.72063 -0.56855
0.323556 0.917798
-2.83803 5.54421 -1.23241
-0.524115 0.552173 -0.648389
0.229867 0.917798
-1.47937 9.13483 0.697507
-0.682091 0.545152 -0.487402
0.0424888 0.851804
-3.00775 7.23143 0.831528
-0.703294 0.526613 -0.477553
0.136178 0.851804
-1.90584 7.36986 -0.67976
-0.578259 0.504841 -0.6409
0.136178 0.917798
-0.835331 9.26979 -0.0132289
-0.576943 0.540048 -0.612768
0.0424888 0.917798
-3.85209 2.55734 -3.59904
0.00548864 0.729032 -0.684457
0.417245 0.983792
-2.20767 3.31225 -2.94253
-0.188662 0.608469 -0.770826
0.323556 0.983792
-5.07569 3.34169 -2.91239
-0.263898 0.884947 -0.383701
0.417245 0.917798
-1.18225 4.70942 -2.46106
-0.340713 0.473851 -0.812022
0.229867 0.983792
-0.227805 8.91195 -0.677316
-0.453153 0.494278 -0.741851
0.0424888 0.983792
-0.52535 6.68449 -1.80389
-0.412542 0.438257 -0.798586
0.136178 0.983792
-5.74413 2.89427 -1.52067
-0.561486 0.807338 -0.181492
0.417245 0.851804
-0.849816 5.81391 3.23445
-0.333159 0.668633 0.664782
0.229867 0.851804
-1.76418 4.60864 4.08628
-0.254807 0.7483 0.612471
0.323556 0.851804
-3.35434 4.92354 3.03999
-0.420518 0.816212 0.396186
0.323556 0.917798
-2.54454 6.10703 2.06208
-0.52343 0.666775 0.530502
0.229867 0.917798
-0.14248 9.19478 0.586461
-0.360303 0.635166 0.683188
0.0424888 0.851804
-0.278333 7.37876 2.11705
-0.353019 0.615636 0.704536
0.136178 0.851804
-1.74247 7.74453 1.09096
-0.52221 0.619972 0.585603
0.136178 0.917798
-0.823872 9.43123 -0.0202247
-0.488494 0.649736 0.582424
0.0424888 0.917798
-5.27599 3.6646 3.20122
-0.548128 0.836392 -0.00211456
0.417245 0.983792
-4.58001 4.24458 1.56192
-0.646717 0.736605 0.197916
0.323556 0.983792
-4.44233 4.3245 4.34842
-0.215166 0.943254 0.252935
0.417245 0.917798
-3.92143 5.48169 0.513494
-0.704834 0.614291 0.354761
0.229867 0.983792
-1.542 9.18838 -0.580215
-0.628055 0.624527 0.464234
0.0424888 0.983792
-2.9842 7.25016 -0.197217
-0.695078 0.578376 0.427023
0.136178 0.983792
-3.16029 3.67427 4.96492
-0.0184469 0.837836 0.545611
0.417245 0.851804
-2.31121 6.17345 2.8793
-0.647694 0.667 0.368244
0.229867 0.851804
-3.45468 4.97606 3.20864
-0.556551 0.749566 0.358333
0.323556 0.851804
-4.28225 5.16152 1.53534
-0.592178 0.801349 0.0846532
0.323556 0.917798
-3.16351 6.32827 1.05025
-0.74352 0.650106 0.156655
0.229867 0.917798
-0.532249 9.41918 0.827856
-0.679203 0.63255 0.372242
0.0424888 0.851804
-1.33667 7.69271 2.14019
-0.683042 0.614107 0.39538
0.136178 0.851804
-2.0704 7.93526 0.542919
-0.768705 0.605075 0.207311
0.136178 0.917798
-0.812414 9.59268 -0.0272266
-0.739115 0.636656 0.219951
0.0424888 0.917798
-5.92742 3.83521 0.794861
-0.501072 0.802448 -0.324044
0.417245 0.983792
-4.55726 4.39126 -0.268115
-0.683756 0.70291 -0.195948
0.323556 0.983792
-5.81714 4.55531 2.12985
-0.347259 0.935983 0.057851
0.417245 0.917798
-3.53232 5.59943 -0.889312
-0.808892 0.582009 -0.0834202
0.229867 0.983792
-1.12966 9.30036 -0.835722
-0.798569 0.599898 0.0490847
0.0424888 0.983792
-2.45882 7.34854 -1.11913
-0.835805 0.548841 -0.0142655
0.136178 0.983792
-5.02429 4.01484 3.30975
-0.322273 0.850808 0.41505
0.417245 0.851804
-0.849648 6.62033 2.96639
-0.327971 0.676433 0.659449
0.229867 0.851804
-1.69977 5.5287 3.75377
-0.248782 0.754987 0.606715
0.323556 0.851804
-3.1534 5.82436 2.78981
-0.413477 0.822922 0.389662
0.323556 0.917798
-2.39915 6.89611 1.8868
-0.518022 0.675416 0.524849
0.229867 0.917798
-0.167735 9.69682 0.51769
-0.355461 0.643355 0.678042
0.0424888 0.851804
-0.310388 8.0429 1.93264
-0.348397 0.623909 0.699541
0.136178 0.851804
-1.64807 8.38423 0.987068
-0.517338 0.628996 0.580281
0.136178 0.917798
-0.7895 9.91556 -0.0412203
-0.483337 0.658417 0.576951
0.0424888 0.917798
-4.92646 4.68772 2.94267
-0.540212 0.841481 -0.00899604
0.417245 0.983792
-4.28076 5.20282 1.43697
-0.640078 0.744046 0.19156
0.323556 0.983792
-4.15819 5.29301 3.99162
-0.206692 0.947006 0.245881
0.417245 0.917798
-3.66458 6.32459 0.468716
-0.699613 0.623399 0.349162
0.229867 0.983792
-1.44916 9.69546 -0.554268
-0.622928 0.633687 0.458696
0.0424888 0.983792
-2.78885 7.93332 -0.192876
-0.690319 0.587907 0.421693
0.136178 0.983792
-2.98928 4.68978 4.56319
-0.0114747 0.841816 0.539642
0.417245 0.851804
0.547471 6.70099 2.31169
0.146008 0.645975 0.749265
0.229867 0.851804
0.207163 5.63438 3.37476
0.18836 0.723999 0.663586
0.323556 0.851804
-1.45744 6.04937 3.3945
-0.0633111 0.813966 0.577452
0.323556 0.917798
-1.25785 7.10863 2.28978
-0.0861957 0.66295 0.743685
0.229867 0.917798
0.00600255 9.80087 0.0586674
0.13102 0.613081 0.77908
0.0424888 0.851804
0.530027 8.11768 1.22792
0.147312 0.591934 0.79241
0.136178 0.851804
-1.02814 8.57028 1.20097
-0.058424 0.61297 0.787944
0.136178 0.917798
-0.778035 10.077 -0.0482191
-0.0298535 0.640895 0.767048
0.0424888 0.917798
-2.88401 5.02275 4.44558
-0.388086 0.864979 0.318119
0.417245 0.983792
-3.13728 5.58782 2.89945
-0.366989 0.759302 0.537383
0.323556 0.983792
-1.65739 5.50475 4.89014
0.0377071 0.937343 0.346361
0.417245 0.917798
-3.08001 6.706 1.81838
-0.338093 0.631423 0.697853
0.229867 0.983792
-1.60042 9.92777 -0.109888
-0.213001 0.630749 0.746181
0.0424888 0.983792
-2.61305 8.26313 0.856961
-0.292864 0.590788 0.751798
0.136178 0.983792
-0.45553 4.8309 4.70039
0.354375 0.803697 0.478006
0.417245 0.851804
-3.38275 7.0194 -0.662688
-0.412196 0.539488 -0.734198
0.229867 0.851804
-3.72171 5.79332 -1.44963
-0.397882 0.637118 -0.66013
0.323556 0.851804
-2.28589 5.82273 -2.28666
-0.127289 0.681606 -0.720563
0.323556 0.917798
-1.81015 7.01814 -1.5245
-0.206359 0.505588 -0.837733
0.229867 0.917798
-1.50691 10.132 0.260867
-0.417653 0.499928 -0.758708
0.0424888 0.851804
-2.69301 8.49901 -0.0954178
-0.440781 0.481098 -0.757797
0.136178 0.851804
-1.32015 8.59316 -0.85593
-0.257915 0.456764 -0.851379
0.136178 0.917798
-0.766581 10.2384 -0.0552186
-0.269148 0.493159 -0.827257
0.0424888 0.917798
-1.70315 4.40411 -3.54548
0.285971 0.699048 -0.655403
0.417245 0.983792
-0.697635 5.1073 -2.49747
0.148544 0.568252 -0.809336
0.323556 0.983792
-2.88503 5.04948 -3.49449
-0.0877358 0.858145 -0.505855
0.417245 0.917798
-0.10671 6.32383 -1.83063
0.0302205 0.426804 -0.903839
0.229867 0.983792
-0.0650272 9.93295 -0.326925
-0.101642 0.446274 -0.889105
0.0424888 0.983792
0.135484 8.01963 -1.18726
-0.040027 0.389339 -0.920224
0.136178 0.983792
-3.8829 4.70505 -2.65689
-0.441968 0.778904 -0.444942
0.417245 0.851804
-1.98078 7.50747 2.50599
-0.612095 0.68351 0.397685
0.229867 0.851804
-2.96978 6.50526 2.84266
-0.519646 0.763842 0.382771
0.323556 0.851804
-3.7478 6.6764 1.44492
-0.567947 0.815543 0.111025
0.323556 0.917798
-2.78741 7.6524 0.976044
-0.71896 0.6682 0.191327
0.229867 0.917798
-0.481354 10.2479 0.658598
-0.644166 0.649837 0.403438
0.0424888 0.851804
-1.1478 8.78792 1.82446
-0.647256 0.631569 0.426826
0.136178 0.851804
-1.84099 9.00631 0.487513
-0.742587 0.623954 0.243404
0.136178 0.917798
-0.755117 10.3999 -0.0622123
-0.711652 0.654861 0.254378
0.0424888 0.917798
-5.21578 5.57085 0.887724
-0.497801 0.813095 -0.30178
0.417245 0.983792
-4.07779 6.01646 -0.0846832
-0.67602 0.718379 -0.164098
0.323556 0.983792
-5.04835 6.18981 2.02348
-0.321594 0.944199 0.0711763
0.417245 0.917798
-3.20282 7.02951 -0.666199
-0.798083 0.60088 -0.044796
0.229867 0.983792
-1.06805 10.1534 -0.739679
-0.780597 0.618961 0.0869286
0.0424888 0.983792
-2.25817 8.50646 -0.916743
-0.822213 0.568595 0.0257897
0.136178 0.983792
-4.32885 5.71359 3.00155
-0.280449 0.85965 0.427026
0.417245 0.851804
0.664746 7.44227 1.84821
0.270169 0.632125 0.726241
0.229867 0.851804
0.470176 6.47162 2.83765
0.302005 0.710081 0.636065
0.323556 0.851804
-1.00947 6.88794 3.07541
0.0432474 0.807873 0.587768
0.323556 0.917798
-0.946704 7.85586 2.06687
0.0401394 0.655398 0.754216
0.229867 0.917798
-0.0337261 10.2908 -0.077621
0.258679 0.599265 0.757606
0.0424888 0.851804
0.544794 8.73912 0.889588
0.276106 0.577519 0.768269
0.136178 0.851804
-0.84449 9.18748 1.07191
0.0725355 0.604125 0.793582
0.136178 0.917798
-0.743665 10.5613 -0.069215
0.0985983 0.63154 0.769048
0.0424888 0.917798
-2.17879 5.9801 4.19584
-0.313757 0.87092 0.378227
0.417245 0.983792
-2.59224 6.51636 2.84627
-0.264467 0.7619 0.59124
0.323556 0.983792
-1.00852 6.38184 4.43886
0.113571 0.931458 0.34567
0.417245 0.917798
-2.65253 7.54085 1.87794
-0.216519 0.631237 0.744755
0.229867 0.983792
-1.49308 10.4468 -0.0186763
-0.0858629 0.626584 0.77461
0.0424888 0.983792
-2.31853 8.95173 0.967154
-0.1652 0.588712 0.791282
0.136178 0.983792
0.0273631 5.74418 4.10673
0.441909 0.787676 0.429282
0.417245 0.851804
0.947303 7.67452 -0.595412
0.86541 0.493929 0.0842565
0.229867 0.851804
1.54143 6.6421 -0.0660389
0.81153 0.583989 0.0193837
0.323556 0.851804
1.21673 7.04844 1.28589
0.674682 0.699466 0.235692
0.323556 0.917798
0.554174 8.08656 0.859831
0.796375 0.52235 0.304856
0.229867 0.917798
-0.48823 10.6083 -0.691905
0.883026 0.456957 0.107024
0.0424888 0.851804
0.304298 9.01451 -0.838583
0.89634 0.433036 0.0951586
0.136178 0.851804
-0.0256743 9.45496 0.416143
0.83673 0.464023 0.290802
0.136178 0.917798
-0.720748 10.8842 -0.0832096
0.830491 0.493886 0.257606
0.0424888 0.917798
1.54324 6.09344 2.68976
0.346835 0.811053 0.471062
0.417245 0.983792
0.343238 6.80591 2.51725
0.539406 0.666964 0.514004
0.323556 0.983792
2.26958 6.37827 1.81208
0.509465 0.85742 0.0726462
0.417245 0.917798
-0.326008 7.89489 2.21236
0.674883 0.511222 0.532151
0.229867 0.983792
-0.993075 10.8018 0.564666
0.756222 0.496122 0.426605
0.0424888 0.983792
-0.732168 9.314 1.60913
0.731098 0.459539 0.504302
0.136178 0.983792
2.30643 5.80091 0.790164
0.699738 0.687862 -0.192904
0.417245 0.851804
1.0525 8.0248 0.298397
0.735856 0.540584 0.40778
0.229867 0.851804
1.39124 7.08094 1.05369
0.711093 0.625269 0.321537
0.323556 0.851804
0.552738 7.50404 2.08529
0.493075 0.741552 0.454947
0.323556 0.917798
0.112504 8.4537 1.39279
0.580392 0.573635 0.578004
0.229867 0.917798
-0.253411 10.7701 -0.515276
0.74354 0.505444 0.437808
0.0424888 0.851804
0.546952 9.27216 -0.242386
0.761324 0.481812 0.433869
0.136178 0.851804
-0.258216 9.72429 0.700256
0.624735 0.516977 0.585185
0.136178 0.917798
-0.709286 11.0457 -0.0902047
0.631954 0.545219 0.55079
0.0424888 0.917798
0.304275 6.65279 3.49479
0.0936882 0.844842 0.526749
0.417245 0.983792
-0.698171 7.27195 2.827
0.255295 0.712552 0.653525
0.323556 0.983792
1.28331 6.93097 3.00155
0.405896 0.8846 0.229632
0.417245 0.917798
-1.19438 8.27453 2.23513
0.37571 0.564771 0.734763
0.229867 0.983792
-1.20493 10.9763 0.372358
0.494036 0.549942 0.673418
0.0424888 0.983792
-1.35064 9.59671 1.46962
0.44 0.515042 0.735617
0.136178 0.983792
1.74271 6.3411 2.15292
0.694651 0.715255 0.0766189
0.417245 0.851804
-1.21231 8.33295 -1.80746
0.440461 0.444804 -0.779836
0.229867 0.851804
-0.762173 7.28669 -2.20797
0.38001 0.546894 -0.745989
0.323556 0.851804
0.380836 7.43054 -1.52026
0.560391 0.623692 -0.54495
0.323556 0.917798
0.0010758 8.46586 -1.02958
0.629756 0.433398 -0.64465
0.229867 0.917798
-1.20358 11.0555 -0.485532
0.460272 0.403743 -0.790658
0.0424888 0.851804
-1.37647 9.61063 -1.27226
0.44891 0.382097 -0.807764
0.136178 0.851804
-0.312974 9.80248 -0.606944
0.618371 0.377614 -0.689221
0.136178 0.917798
-0.697831 11.2071 -0.097205
0.591066 0.413323 -0.692679
0.0424888 0.917798
1.52168 6.31019 -1.43077
0.698243 0.698499 -0.156704
0.417245 0.983792
1.14924 7.01947 -0.403829
0.771439 0.543539 -0.330829
0.323556 0.983792
1.02328 6.7023 -2.31447
0.386415 0.813958 -0.43377
0.417245 0.917798
0.880893 8.08025 0.129205
0.801556 0.383389 -0.458826
0.229867 0.983792
-0.231643 11.027 0.326821
0.725772 0.386005 -0.569434
0.0424888 0.983792
0.488092 9.48607 0.354529
0.783504 0.336259 -0.522543
0.136178 0.983792
0.0523724 6.35327 -2.65883
0.166735 0.691758 -0.702617
0.417245 0.851804
0.647761 8.48804 -0.796641
0.882069 0.470659 -0.0208409
0.229867 0.851804
1.20771 7.54784 -0.41405
0.822687 0.563306 -0.0766332
0.323556 0.851804
1.08717 7.89198 0.82152
0.718218 0.677747 0.157548
0.323556 0.917798
0.47895 8.8369 0.538026
0.843017 0.49633 0.207312
0.229867 0.917798
-0.558238 11.1291 -0.671887
0.901482 0.432814 -0.0011819
0.0424888 0.851804
0.0851322 9.6976 -0.916663
0.912493 0.408815 -0.0150778
0.136178 0.851804
-0.0504463 10.0739 0.234328
0.879616 0.437322 0.18715
0.136178 0.917798
-0.686371 11.3685 -0.104204
0.869935 0.467991 0.155554
0.0424888 0.917798
1.51392 7.01082 2.00726
0.426799 0.792623 0.43542
0.417245 0.983792
0.453345 7.67352 2.00466
0.619345 0.642998 0.450517
0.323556 0.983792
2.05983 7.26378 1.15361
0.537586 0.84297 0.0200591
0.417245 0.917798
-0.145571 8.66163 1.82953
0.751769 0.483633 0.448267
0.229867 0.983792
-0.853697 11.2897 0.497297
0.818296 0.468658 0.332795
0.0424888 0.983792
-0.539039 9.94276 1.36582
0.802479 0.431149 0.412478
0.136178 0.983792
1.96057 6.76803 0.239761
0.687162 0.67415 -0.270796
0.417245 0.851804
-2.33835 9.10084 -1.12679
-0.128878 0.508984 -0.851073
0.229867 0.851804
-2.36992 8.16756 -1.72906
-0.141361 0.609254 -0.780274
0.323556 0.851804
-1.1531 8.18133 -1.93875
0.133282 0.65499 -0.74379
0.323556 0.917798
-1.01992 9.09247 -1.31733
0.100166 0.474113 -0.874748
0.229867 0.917798
-1.27231 11.4522 -0.0809404
-0.125425 0.468546 -0.87449
0.0424888 0.851804
-2.00548 10.22 -0.592936
-0.147415 0.449474 -0.881046
0.136178 0.851804
-0.85236 10.2832 -0.767529
0.0566308 0.424218 -0.903787
0.136178 0.917798
-0.674913 11.53 -0.111203
0.0376778 0.461275 -0.886457
0.0424888 0.917798
-0.420635 7.10161 -2.62443
0.497587 0.679746 -0.538844
0.417245 0.983792
0.00672114 7.65943 -1.65327
0.422694 0.542085 -0.726274
0.323556 0.983792
-1.25613 7.57117 -2.91355
0.0952365 0.83923 -0.535372
0.417245 0.917798
0.244854 8.58489 -1.06877
0.344886 0.396045 -0.851001
0.229867 0.983792
-0.116156 11.3027 -0.109577
0.216217 0.414377 -0.884048
0.0424888 0.983792
0.246559 9.86235 -0.60415
0.284806 0.357178 -0.889556
0.136178 0.983792
-2.16844 7.32757 -2.58114
-0.257935 0.757748 -0.599406
0.417245 0.851804
-1.076 9.5261 1.88659
-0.407238 0.695426 0.592064
0.229867 0.851804
-1.73851 8.8207 2.32671
-0.318668 0.771039 0.551316
0.323556 0.851804
-2.59179 9.03234 1.53751
-0.445753 0.839587 0.31048
0.323556 0.917798
-1.9809 9.72483 1.01134
-0.574074 0.697066 0.42958
0.229867 0.917798
-0.315382 11.5409 0.316817
-0.438191 0.663376 0.606564
0.0424888 0.851804
-0.586812 10.455 1.24897
-0.435092 0.644112 0.629138
0.136178 0.851804
-1.36468 10.6953 0.483568
-0.583289 0.651565 0.485013
0.136178 0.917798
-0.663458 11.6914 -0.1182
-0.548375 0.680045 0.486646
0.0424888 0.917798
-3.79808 8.30573 1.46365
-0.508572 0.854809 -0.103231
0.417245 0.983792
-3.20674 8.62188 0.533232
-0.64101 0.763295 0.0805489
0.323556 0.983792
-3.38876 8.70815 2.23034
-0.215791 0.955931 0.199072
0.417245 0.917798
-2.67922 9.34941 -0.0507287
-0.727608 0.646834 0.228456
0.229867 0.983792
-1.04946 11.5502 -0.523288
-0.668576 0.656957 0.348443
0.0424888 0.983792
-2.00321 10.4009 -0.409469
-0.730667 0.612317 0.301982
0.136178 0.983792
-2.68835 8.29176 2.73366
-0.0714996 0.850629 0.520882
0.417245 0.851804
0.21726 9.56793 1.32967
0.232655 0.625651 0.744602
0.229867 0.851804
0.0100178 8.86726 2.03423
0.272526 0.702879 0.657032
0.323556 0.851804
-1.06537 9.19353 2.13124
0.0201008 0.806555 0.590817
0.323556 0.917798
-0.952515 9.8944 1.40613
0.00181504 0.654156 0.756357
0.229867 0.917798
-0.14259 11.645 -0.0953923
0.218242 0.593054 0.775021
0.0424888 0.851804
0.200838 10.5103 0.631784
0.234376 0.570914 0.786845
0.136178 0.851804
-0.805835 10.8583 0.693342
0.0301852 0.60215 0.797813
0.136178 0.917798
-0.651999 11.8529 -0.125198
0.0585276 0.628968 0.775225
0.0424888 0.917798
-1.98322 8.5545 2.88087
-0.319736 0.877768 0.356779
0.417245 0.983792
-2.20447 8.95033 1.88418
-0.28806 0.767609 0.572536
0.323556 0.983792
-1.14265 8.82638 3.11695
0.110088 0.928555 0.354495
0.417245 0.917798
-2.18174 9.69424 1.18196
-0.254023 0.635855 0.728808
0.229867 0.983792
-1.19846 11.7822 -0.127047
-0.125932 0.628218 0.767778
0.0424888 0.983792
-1.87042 10.7118 0.542002
-0.207087 0.592161 0.778756
0.136178 0.983792
-0.387029 8.34699 2.92873
0.428371 0.777307 0.460752
0.417245 0.851804
-0.295951 9.63835 -1.38947
0.751654 0.430967 -0.499284
0.229867 0.851804
0.191626 8.80531 -1.44704
0.680273 0.531452 -0.504764
0.323556 0.851804
0.727211 8.98744 -0.533468
0.740237 0.625332 -0.246999
0.323556 0.917798
0.254534 9.81754 -0.38513
0.852902 0.434397 -0.289582
0.229867 0.917798
-0.843721 11.8605 -0.591106
0.775075 0.39046 -0.496789
0.0424888 0.851804
-0.638393 10.6719 -1.13905
0.77378 0.367581 -0.515896
0.136178 0.851804
-0.150818 10.8886 -0.273992
0.865492 0.376258 -0.330685
0.136178 0.917798
-0.640538 12.0143 -0.132194
0.842474 0.410453 -0.34895
0.0424888 0.917798
1.51247 8.13835 0.0210698
0.673005 0.723319 0.154514
0.417245 0.983792
0.843985 8.72674 0.564264
0.824056 0.564603 0.0464291
0.323556 0.983792
1.49605 8.40221 -0.808974
0.530337 0.811787 -0.244426
0.417245 0.917798
0.432821 9.58287 0.783779
0.915281 0.400666 -0.0415541
0.229867 0.983792
-0.473366 11.9028 0.352719
0.901928 0.394902 -0.174868
0.0424888 0.983792
0.0469496 10.6994 0.722947
0.931046 0.35002 -0.103144
0.136178 0.983792
0.95259 8.07451 -1.40574
0.46944 0.667803 -0.577638
0.417245 0.851804
0.586159 9.90588 -0.197106
0.827151 0.493419 0.268997
0.229867 0.851804
0.907161 9.18275 0.270211
0.789609 0.582637 0.19249
0.323556 0.851804
0.472359 9.48338 1.14386
0.608436 0.701492 0.3711
0.323556 0.917798
0.0880706 10.2117 0.73667
0.710666 0.525158 0.468149
0.229867 0.917798
-0.374339 11.9748 -0.518038
0.839038 0.456747 0.295631
0.0424888 0.851804
0.187554 10.8488 -0.478471
0.854545 0.43263 0.287373
0.136178 0.851804
-0.23542 11.1725 0.327238
0.752843 0.466556 0.464277
0.136178 0.917798
-0.62908 12.1758 -0.139194
0.75434 0.495949 0.430122
0.0424888 0.917798
0.471872 8.82409 2.169
0.236821 0.817101 0.525606
0.417245 0.983792
-0.322826 9.32616 1.85436
0.414167 0.673275 0.612508
0.323556 0.983792
1.11034 9.01493 1.67786
0.484687 0.857392 0.173082
0.417245 0.917798
-0.730634 10.0915 1.52887
0.541354 0.517551 0.662629
0.229867 0.983792
-0.918644 12.1247 0.263734
0.644163 0.50077 0.578173
0.0424888 0.983792
-0.90945 11.0862 1.03674
0.602108 0.465361 0.648772
0.136178 0.983792
1.29472 8.59751 0.987168
0.728669 0.683648 -0.0408251
0.417245 0.851804
-0.515855 10.2231 -1.36136
0.68068 0.431494 -0.592021
0.229867 0.851804
-0.103838 9.46736 -1.49352
0.611275 0.533245 -0.584801
0.323556 0.851804
0.494756 9.60187 -0.745177
0.709477 0.619354 -0.336219
0.323556 0.917798
0.107693 10.3526 -0.534144
0.811024 0.427775 -0.399059
0.229867 0.917798
-0.860749 12.2126 -0.531964
0.703402 0.390557 -0.593878
0.0424888 0.851804
-0.770013 11.1525 -1.07195
0.69892 0.368209 -0.613133
0.136178 0.851804
-0.219848 11.32 -0.359876
0.81642 0.370533 -0.442904
0.136178 0.917798
-0.61762 12.3372 -0.146194
0.791707 0.405567 -0.456854
0.0424888 0.917798
1.25085 8.81291 -0.370933
0.702539 0.707893 0.0729843
0.417245 0.983792
0.735993 9.33962 0.212154
0.83331 0.549603 -0.0594261
0.323556 0.983792
1.13368 9.07022 -1.10272
0.50589 0.809095 -0.299065
0.417245 0.917798
0.413411 10.1111 0.479177
0.907668 0.386549 -0.163459
0.229867 0.983792
-0.407994 12.2229 0.261788
0.875207 0.384494 -0.29356
0.0424888 0.983792
0.0818197 11.1233 0.498671
0.913414 0.33728 -0.227852
0.136178 0.983792
0.566402 8.79733 -1.57087
0.394934 0.674895 -0.623332
0.417245 0.851804
0.2093 10.4458 -0.814786
0.888164 0.445713 -0.111826
0.229867 0.851804
0.614236 9.75871 -0.612621
0.825626 0.541833 -0.15735
0.323556 0.851804
0.640949 9.9758 0.275094
0.753345 0.651309 0.0909284
0.323556 0.917798
0.210441 10.6648 0.146909
0.877223 0.464839 0.120019
0.229867 0.917798
-0.569062 12.3398 -0.56893
0.908532 0.406692 -0.0957613
0.0424888 0.851804
-0.169304 11.3176 -0.82609
0.91704 0.382867 -0.11158
0.136178 0.851804
-0.159544 11.5598 0.00400832
0.909253 0.405517 0.0938853
0.136178 0.917798
-0.606164 12.4986 -0.15319
0.8969 0.437491 0.0645973
0.0424888 0.917798
1.02084 9.31424 1.05545
0.500706 0.765096 0.404872
0.417245 0.983792
0.28883 9.80565 1.15741
0.688747 0.609612 0.392429
0.323556 0.983792
1.3395 9.50281 0.413365
0.563155 0.826132 -0.0190482
0.417245 0.917798
-0.12504 10.5225 1.10567
0.814754 0.446695 0.369649
0.229867 0.983792
-0.675334 12.4318 0.282945
0.866636 0.433699 0.246672
0.0424888 0.983792
-0.411705 11.4498 0.839502
0.859151 0.394012 0.326519
0.136178 0.983792
1.1815 9.17503 -0.232363
0.671741 0.662938 -0.330572
0.417245 0.851804
[ INDEX_DATA ]
0 2 1
2 0 3
1 5 4
5 1 2
6 8 7
8 6 9
7 11 10
11 7 8
10 13 12
13 10 11
12 3 0
3 12 13
3 14 2
14 3 15
2 16 5
16 2 14
9 17 8
17 9 18
8 19 11
19 8 17
11 20 13
20 11 19
13 15 3
15 13 20
15 21 14
21 15 22
14 23 16
23 14 21
18 24 17
24 18 25
17 26 19
26 17 24
19 27 20
27 19 26
20 22 15
22 20 27
22 28 21
28 22 29
21 30 23
30 21 28
25 31 24
31 25 32
24 33 26
33 24 31
26 34 27
34 26 33
27 29 22
29 27 34
29 35 28
35 29 36
28 37 30
37 28 35
32 38 31
38 32 39
31 40 33
40 31 38
33 41 34
41 33 40
34 36 29
36 34 41
36 42 35
42 36 43
35 44 37
44 35 42
39 45 38
45 39 46
38 47 40
47 38 45
40 48 41
48 40 47
41 43 36
43 41 48
43 49 42
49 43 50
42 51 44
51 42 49
46 52 45
52 46 53
45 54 47
54 45 52
47 55 48
55 47 54
48 50 43
50 48 55
50 56 49
56 50 57
49 58 51
58 49 56
53 59 52
59 53 60
52 61 54
61 52 59
54 62 55
62 54 61
55 57 50
57 55 62
57 63 56
63 57 64
56 65 58
65 56 63
60 66 59
66 60 67
59 68 61
68 59 66
61 69 62
69 61 68
62 64 57
64 62 69
64 70 63
70 64 71
63 72 65
72 63 70
67 73 66
73 67 74
66 75 68
75 66 73
68 76 69
76 68 75
69 71 64
71 69 76
71 77 70
77 71 78
70 79 72
79 70 77
74 80 73
80 74 81
73 82 75
82 73 80
75 83 76
83 75 82
76 78 71
78 76 83
78 84 77
84 78 85
77 86 79
86 77 84
81 87 80
87 81 88
80 89 82
89 80 87
82 90 83
90 82 89
83 85 78
85 83 90
85 91 84
91 85 92
84 93 86
93 84 91
88 94 87
94 88 95
87 96 89
96 87 94
89 97 90
97 89 96
90 92 85
92 90 97
92 98 91
98 92 99
91 100 93
100 91 98
95 101 94
101 95 102
94 103 96
103 94 101
96 104 97
104 96 103
97 99 92
99 97 104
105 107 106
107 109 108
105 109 107
110 109 105
111 113 112
113 111 114
115 117 116
117 115 118
116 114 111
114 116 117
119 113 120
113 119 121
122 113 114
113 122 120
123 117 118
117 123 124
124 114 117
114 124 122
125 113 121
113 125 112
126 128 127
128 126 129
130 132 131
132 130 133
131 129 126
129 131 132
134 128 135
128 134 136
137 128 129
128 137 135
138 132 133
132 138 139
139 129 132
129 139 137
140 128 136
128 140 127
141 143 142
143 141 144
145 147 146
147 145 148
146 144 141
144 146 147
149 143 150
143 149 151
152 143 144
143 152 150
153 147 148
147 153 154
154 144 147
144 154 152
155 143 151
143 155 142
156 158 157
158 156 159
160 162 161
162 160 163
161 159 156
159 161 162
164 158 165
158 164 166
167 158 159
158 167 165
168 162 163
162 168 169
169 159 162
159 169 167
170 158 166
158 170 157
171 173 172
173 171 174
175 177 176
177 175 178
176 174 171
174 176 177
179 173 180
173 179 181
182 173 174
173 182 180
183 177 178
177 183 184
184 174 177
174 184 182
185 173 181
173 185 172
186 188 187
188 186 189
190 192 191
192 190 193
191 189 186
189 191 192
194 188 195
188 194 196
197 188 189
188 197 195
198 192 193
192 198 199
199 189 192
189 199 197
200 188 196
188 200 187
201 203 202
203 201 204
205 207 206
207 205 208
206 204 201
204 206 207
209 203 210
203 209 211
212 203 204
203 212 210
213 207 208
207 213 214
214 204 207
204 214 212
215 203 211
203 215 202
216 218 217
218 216 219
220 222 221
222 220 223
221 219 216
219 221 222
224 218 225
218 224 226
227 218 219
218 227 225
228 222 223
222 228 229
229 219 222
219 229 227
230 218 226
218 230 217
231 233 232
233 231 234
235 237 236
237 235 238
236 234 231
234 236 237
239 233 240
233 239 241
242 233 234
233 242 240
243 237 238
237 243 244
244 234 237
234 244 242
245 233 241
233 245 232
246 248 247
248 246 249
250 252 251
252 250 253
251 249 246
249 251 252
254 248 255
248 254 256
257 248 249
248 257 255
258 252 253
252 258 259
259 249 252
249 259 257
260 248 256
248 260 247
261 263 262
263 261 264
265 267 266
267 265 268
266 264 261
264 266 267
269 263 270
263 269 271
272 263 264
263 272 270
273 267 268
267 273 274
274 264 267
264 274 272
275 263 271
263 275 262
276 278 277
278 276 279
280 282 281
282 280 283
281 279 276
279 281 282
284 278 285
278 284 286
287 278 279
278 287 285
288 282 283
282 288 289
289 279 282
279 289 287
290 278 286
278 290 277
291 293 292
293 291 294
295 297 296
297 295 298
296 294 291
294 296 297
299 293 300
293 299 301
302 293 294
293 302 300
303 297 298
297 303 304
304 294 297
294 304 302
305 293 301
293 305 292
306 308 307
308 306 309
310 312 311
312 310 313
311 309 306
309 311 312
314 308 315
308 314 316
317 308 309
308 317 315
318 312 313
312 318 319
319 309 312
309 319 317
320 308 316
308 320 307
321 323 322
323 321 324
325 327 326
327 325 328
326 324 321
324 326 327
329 323 330
323 329 331
332 323 324
323 332 330
333 327 328
327 333 334
334 324 327
324 334 332
335 323 331
323 335 322
336 338 337
338 336 339
340 342 341
342 340 343
341 339 336
339 341 342
344 338 345
338 344 346
347 338 339
338 347 345
348 342 343
342 348 349
349 339 342
339 349 347
350 338 346
338 350 337
351 353 352
353 351 354
355 357 356
357 355 358
356 354 351
354 356 357
359 353 360
353 359 361
362 353 354
353 362 360
363 357 358
357 363 364
364 354 357
354 364 362
365 353 361
353 365 352
366 368 367
368 366 369
370 372 371
372 370 373
371 369 366
369 371 372
374 368 375
368 374 376
377 368 369
368 377 375
378 372 373
372 378 379
379 369 372
369 379 377
380 368 376
368 380 367
381 383 382
383 381 384
385 387 386
387 385 388
386 384 381
384 386 387
389 383 390
383 389 391
392 383 384
383 392 390
393 387 388
387 393 394
394 384 387
384 394 392
395 383 391
383 395 382
396 398 397
398 396 399
400 402 401
402 400 403
401 399 396
399 401 402
404 398 405
398 404 406
407 398 399
398 407 405
408 402 403
402 408 409
409 399 402
399 409 407
410 398 406
398 410 397
411 413 412
413 411 414
415 417 416
417 415 418
416 414 411
414 416 417
419 413 420
413 419 421
422 413 414
413 422 420
423 417 418
417 423 424
424 414 417
414 424 422
425 413 421
413 425 412
426 428 427
428 426 429
430 432 431
432 430 433
431 429 426
429 431 432
434 428 435
428 434 436
437 428 429
428 437 435
438 432 433
432 438 439
439 429 432
429 439 437
440 428 436
428 440 427
441 443 442
443 441 444
445 447 446
447 445 448
446 444 441
444 446 447
449 443 450
443 449 451
452 443 444
443 452 450
453 447 448
447 453 454
454 444 447
444 454 452
455 443 451
443 455 442
456 458 457
458 456 459
460 462 461
462 460 463
461 459 456
459 461 462
464 458 465
458 464 466
467 458 459
458 467 465
468 462 463
462 468 469
469 459 462
459 469 467
470 458 466
458 470 457
471 473 472
473 471 474
475 477 476
477 475 478
476 474 471
474 476 477
479 473 480
473 479 481
482 473 474
473 482 480
483 477 478
477 483 484
484 474 477
474 484 482
485 473 481
473 485 472
486 488 487
488 486 489
490 492 491
492 490 493
491 489 486
489 491 492
494 488 495
488 494 496
497 488 489
488 497 495
498 492 493
492 498 499
499 489 492
489 499 497
500 488 496
488 500 487
501 503 502
503 501 504
505 507 506
507 505 508
506 504 501
504 506 507
509 503 510
503 509 511
512 503 504
503 512 510
513 507 508
507 513 514
514 504 507
504 514 512
515 503 511
503 515 502
516 518 517
518 516 519
520 522 521
522 520 523
521 519 516
519 521 522
524 518 525
518 524 526
527 518 519
518 527 525
528 522 523
522 528 529
529 519 522
519 529 527
530 518 526
518 530 517

