[ MESH_DATA ]
725
1500
0
0

[ VERTEX_DATA ]
-39.8695 163.064 27.1675
2.80828e-07 1 -2.46451e-15
0.242054 0.888872
-39.8695 163.064 -27.1675
2.80828e-07 1 0
0.140459 0.888872
14.4656 163.064 -27.1675
2.80828e-07 1 -2.46451e-15
0.140459 0.990466
14.4656 163.064 27.1675
2.80828e-07 1 -4.92902e-15
0.242054 0.990466
85.1209 7.91306 -24.7492
0.999928 0.00879343 -0.00816084
0.722913 0.978701
85.1209 3.60001 -24.7492
0.999965 0.00545356 -0.00628534
0.722913 0.99733
85.1209 3.60001 24.7491
1 0 -7.70673e-08
0.514559 0.99733
85.1209 7.91306 24.7491
0.999914 0.0130589 0.000916629
0.514559 0.978701
-87.8205 38.0766 84
-5.19905e-08 0.0634508 0.997985
0.255223 0.848437
84 38.0766 84
1.02715e-07 0.0634515 0.997985
0.997347 0.848437
85.1209 3.60001 86.192
8.02292e-08 0.0634514 0.997985
0.997347 0.997347
-91.1832 3.60005 86.192
-7.27307e-08 0.0634507 0.997985
0.255223 0.997347
-87.8205 38.0766 -84
-0.995277 0.0970757 -7.72723e-08
0.255088 0.848185
-87.8205 38.0766 84
-0.995277 0.097076 0
0.980711 0.848185
-91.1832 3.60005 86.192
-0.995277 0.097076 -1.17335e-08
0.980711 0.997096
-91.1832 3.60005 -86.192
-0.995277 0.0970756 -8.80982e-08
0.255088 0.997096
84 38.0766 -84
-1.10892e-07 0.0634524 -0.997985
0.255218 0.848027
-87.8205 38.0766 -84
-7.45402e-08 0.0634522 -0.997985
0.997342 0.848027
-91.1832 3.60005 -86.192
-8.00066e-08 0.0634522 -0.997985
0.997342 0.996938
85.1209 3.60001 -86.192
-1.15917e-07 0.0634524 -0.997985
0.255218 0.996938
-64.1593 38.0766 51.4574
4.07732e-07 1 -6.84098e-07
0.235833 0.974841
38.7554 38.0766 51.4573
4.07732e-07 1 -6.84098e-07
0.163301 0.974841
84 38.0766 84
4.07732e-07 1 -6.84098e-07
0.131413 0.997291
-87.8205 38.0766 84
2.22016e-07 1 1.61425e-07
0.252509 0.997291
-64.1593 38.0766 -51.4574
0 1 0
0.235833 0.903843
-87.8205 38.0766 -84
0 1 0
0.252509 0.881392
38.7554 38.0766 -51.4574
4.07732e-07 1 -2.96456e-07
0.163301 0.903843
84 38.0766 -84
2.22016e-07 1 4.25895e-07
0.131413 0.881392
-64.1593 167.653 51.4573
-7.41331e-08 -4.36493e-15 1
0.549624 0.281766
38.7554 167.653 51.4573
-7.41331e-08 -4.36493e-15 1
0.105116 0.281766
38.7554 38.0766 51.4573
-7.41331e-08 -4.36493e-15 1
0.105116 0.84143
-64.1593 38.0766 51.4574
1.112e-07 1.47199e-07 1
0.549624 0.84143
-64.1593 167.653 -51.4574
-1 -4.12157e-07 -7.41332e-08
0.549593 0.281736
-64.1593 167.653 51.4573
-1 -4.12157e-07 -7.41332e-08
0.105085 0.281736
-64.1593 38.0766 51.4574
-1 -4.12157e-07 -7.41332e-08
0.105085 0.841399
-64.1593 38.0766 -51.4574
-1 -5.29917e-07 -2.22399e-07
0.549593 0.841399
38.7554 167.653 -51.4574
7.41331e-08 -1.76639e-07 -1
0.549593 0.281807
-64.1593 167.653 -51.4574
7.41331e-08 -1.76639e-07 -1
0.105085 0.281807
-64.1593 38.0766 -51.4574
7.41331e-08 -1.76639e-07 -1
0.105085 0.84147
38.7554 38.0766 -51.4574
-1.48266e-07 -8.72987e-15 -1
0.549593 0.84147
14.4656 167.653 27.1675
6.28195e-07 1 -1.10259e-14
0.179595 0.958186
14.4656 167.653 -27.1675
6.28195e-07 1 -1.10259e-14
0.179595 0.920702
38.7554 167.653 -51.4574
6.28195e-07 1 -1.10259e-14
0.162476 0.903945
38.7554 167.653 51.4573
6.28196e-07 1 4.65701e-14
0.162476 0.974943
-39.8695 167.653 27.1675
-4.41038e-14 1 6.28197e-07
0.217889 0.958186
-64.1593 167.653 51.4573
1.48266e-07 1 1.48266e-07
0.235008 0.974943
-39.8695 167.653 -27.1675
0 1 0
0.217889 0.920702
-64.1593 167.653 -51.4574
0 1 0
0.235008 0.903945
14.4656 163.064 27.1675
-1 -2.07812e-07 1.75517e-08
0.828842 0.895396
14.4656 163.064 -27.1675
-1 -2.07812e-07 1.75517e-08
0.594159 0.895396
14.4656 167.653 -27.1675
-1 -2.07812e-07 1.75517e-08
0.594159 0.915217
14.4656 167.653 27.1675
-1 -2.07812e-07 1.75517e-08
0.828842 0.915217
-39.8695 163.064 27.1675
7.02069e-08 1.45899e-14 -1
0.829052 0.895385
14.4656 163.064 27.1675
7.02069e-08 1.45899e-14 -1
0.594369 0.895385
14.4656 167.653 27.1675
7.02069e-08 1.45899e-14 -1
0.594369 0.915207
-39.8695 167.653 27.1675
7.02069e-08 0 -1
0.829052 0.915207
-39.8695 163.064 -27.1675
1 0 0
0.828937 0.895466
-39.8695 163.064 27.1675
1 0 0
0.594254 0.895466
-39.8695 167.653 27.1675
1 0 0
0.594254 0.915287
-39.8695 167.653 -27.1675
1 0 0
0.828937 0.915287
14.4656 163.064 -27.1675
0 0 1
0.829158 0.895549
-39.8695 163.064 -27.1675
0 0 1
0.594475 0.895549
-39.8695 167.653 -27.1675
0 0 1
0.594475 0.915371
14.4656 167.653 -27.1675
0 0 1
0.829158 0.915371
85.1209 3.60001 86.192
0.999476 0.0323488 0.000757457
0.255925 0.99733
84 38.0766 84
0.999472 0.0324973 3.82031e-07
0.255925 0.848419
84 38.0766 24.1197
0.999363 0.0356555 0.00175647
0.514559 0.848419
84 38.0766 -84
0.999464 0.0327198 -0.0006491
0.981547 0.848419
85.1209 3.60001 -86.192
0.999472 0.0324964 1.24105e-07
0.981547 0.99733
84 38.0766 -24.1197
0.99931 0.037137 1.26633e-07
0.722913 0.848419
47.7176 38.0766 -24.1175
-1.49437e-07 1 -9.05427e-08
0.156984 0.922704
84 38.0766 -24.1197
0 1 0
0.131413 0.922702
47.7176 38.0766 -24.1175
0.627747 0.778418 -4.92946e-08
0.00297713 0.887439
85.1209 7.91306 -24.7492
0.627747 0.778418 -9.67575e-08
0.00296998 0.998779
85.1209 7.91306 24.7491
0.627747 0.778418 -4.82615e-08
0.116814 0.998779
47.7176 38.0766 24.1212
0.627747 0.778418 0
0.116819 0.887439
47.7176 38.0766 24.1212
-4.27298e-05 -0.0208624 -0.999782
0.25886 0.848487
85.1209 7.91306 24.7491
-4.27298e-05 -0.0208624 -0.999782
0.415571 0.978769
84 38.0766 24.1197
-4.27298e-05 -0.0208624 -0.999782
0.41557 0.848487
85.1209 7.91306 -24.7492
6.07046e-05 -0.0208607 0.999782
0.415523 0.978775
47.7176 38.0766 -24.1175
6.07046e-05 -0.0208607 0.999782
0.258813 0.848493
84 38.0766 -24.1197
6.07046e-05 -0.0208607 0.999782
0.415523 0.848493
47.7176 38.0766 24.1212
5.96423e-12 1 1.3955e-07
0.156984 0.955982
84 38.0766 24.1197
5.96423e-12 1 1.3955e-07
0.131413 0.955981
38.7554 38.0766 24.2125
-4.25645e-07 1 0
0.163301 0.956045
38.7554 38.0766 -23.8633
-4.25645e-07 1 -6.75478e-14
0.163301 0.922879
38.7554 38.0766 -51.4574
1 4.95495e-06 0
0.55269 0.841446
38.7554 38.0766 -23.8633
1 4.95495e-06 0
0.671874 0.841446
38.7554 41.926 -24.1197
1 4.95495e-06 0
0.667646 0.82482
38.7554 105.752 -24.1197
1 1.13558e-06 5.37801e-07
0.667646 0.549144
-19.7333 105.752 -24.1197
1 1.79302e-06 3.16314e-07
0.667977 0.54945
-19.7332 41.926 -24.1197
1 1.79302e-06 3.16314e-07
0.667977 0.825125
-19.7332 41.926 24.1197
1 1.79302e-06 3.16314e-07
0.879453 0.825125
-19.7333 105.752 24.1197
1 1.52407e-06 4.27652e-06
0.879453 0.54945
-19.7333 119.929 19.5132
1 1.52407e-06 4.27652e-06
0.859557 0.488216
-19.7333 128.691 7.45337
1 -1.76111e-07 -1.27952e-07
0.807468 0.450372
-19.7333 128.691 -7.45342
1 -1.76111e-07 -1.27952e-07
0.743083 0.450372
-19.7333 119.929 -19.5133
1 -1.52754e-06 2.21692e-06
0.690994 0.488216
38.7554 128.691 7.45337
8.47624e-09 -0.951057 -0.309017
0.00274989 0.480868
-19.7333 128.691 7.45337
0 -0.951057 -0.309017
0.249057 0.480868
-19.7333 119.929 19.5132
1.79063e-08 -0.587786 -0.809017
0.249057 0.535383
38.7554 119.929 19.5132
-2.29822e-08 -0.587786 -0.809017
0.00275001 0.535383
-19.7333 105.752 24.1197
1.32794e-08 -0.309018 -0.951056
0.249057 0.595087
38.7554 105.752 24.1197
-8.06179e-08 -0.309017 -0.951056
0.00275012 0.595087
38.7554 119.929 -19.5133
1.63276e-07 -0.587785 0.809017
0.00275012 0.371034
-19.7333 119.929 -19.5133
8.24692e-08 -0.587785 0.809017
0.249057 0.371034
-19.7333 128.691 -7.45342
7.66864e-08 -0.951057 0.309017
0.249057 0.418093
38.7554 128.691 -7.45342
2.5193e-09 -0.951057 0.309017
0.00274989 0.418093
-19.7332 41.926 -24.1197
-3.26106e-08 2.98836e-07 1
0.413759 0.825359
-19.7333 105.752 -24.1197
-3.26106e-08 2.98836e-07 1
0.413759 0.549683
38.7554 105.752 -24.1197
-3.26106e-08 2.98836e-07 1
0.666381 0.549683
38.7554 41.926 -24.1197
4.23938e-07 -1.19534e-07 1
0.666382 0.825359
38.7554 105.752 -24.1197
2.23454e-07 -0.309016 0.951057
0.0027503 0.311332
-19.7333 105.752 -24.1197
-7.13234e-08 -0.309017 0.951057
0.249057 0.311332
38.7554 105.752 24.1197
0 0 -1
0.666449 0.549671
-19.7333 105.752 24.1197
0 0 -1
0.413826 0.549671
-19.7332 41.926 24.1197
0 0 -1
0.413826 0.825347
38.7554 41.926 24.1197
1.63053e-07 -1.49418e-07 -1
0.666449 0.825346
38.7554 41.926 24.1197
3.91327e-07 1 -3.24474e-14
0.23132 0.912228
-19.7332 41.926 24.1197
3.91327e-07 1 1.23782e-13
0.147386 0.912228
-19.7332 41.926 -24.1197
3.91327e-07 1 1.50195e-15
0.147386 0.981454
38.7554 41.926 -24.1197
3.91327e-07 1 -1.54728e-13
0.23132 0.981454
38.7554 119.929 -19.5133
1 -1.18315e-06 8.59604e-07
0.690663 0.48791
38.7554 128.691 -7.45342
1 -1.18315e-06 8.59604e-07
0.742751 0.450065
38.7554 167.653 -51.4574
1 -1.18315e-06 8.59604e-07
0.55269 0.281783
38.7554 128.691 7.45337
1 -2.154e-06 0
0.807137 0.450065
38.7554 167.653 -51.4574
-1 -2.18586e-05 -1.58812e-05
0.55269 0.281783
38.7554 128.691 7.45337
-1 -2.18586e-05 -1.58812e-05
0.807137 0.450065
38.7554 119.929 19.5132
-1 -2.18586e-05 -1.58812e-05
0.859225 0.48791
38.7554 119.929 19.5132
1 -1.64828e-06 7.41332e-08
0.859225 0.48791
38.7554 167.653 51.4573
1 -1.64828e-06 7.41332e-08
0.997198 0.281783
38.7554 105.752 24.1197
1 -5.22427e-07 -1.60786e-06
0.887116 0.549144
38.7554 41.926 24.1197
1 1.43441e-06 4.81059e-07
0.887116 0.82482
38.7554 38.0766 51.4573
1 1.43441e-06 4.81059e-07
0.997198 0.841446
38.7554 38.0766 24.2125
1 -1.98198e-06 0
0.879522 0.841446
25.5802 134.611 57.9611
-0.803037 -6.95973e-07 -0.595929
0.421319 0.269741
24.7268 134.611 65.3606
-0.917609 -4.08444e-08 0.397484
0.421319 0.245361
24.7268 37.9764 65.3608
-0.917608 1.91697e-07 0.397487
0.0029312 0.245361
25.5802 37.9764 57.9611
-0.803037 -7.05112e-07 -0.595929
0.0029312 0.26974
32.4151 134.611 55.0004
0.11457 -6.45288e-07 -0.993415
0.422079 0.144372
25.5802 134.611 57.9611
-0.803037 -6.95973e-07 -0.595929
0.422079 0.116221
25.5802 37.9764 57.9611
-0.803037 -7.05112e-07 -0.595929
0.00369096 0.116221
32.4152 37.9764 55.0004
0.114573 -9.04369e-07 -0.993415
0.0036912 0.144372
38.3967 134.611 59.4392
0.917607 4.25559e-08 -0.397488
0.42132 0.168452
38.3967 37.9764 59.4393
0.917609 -1.6432e-07 -0.397484
0.0029312 0.168452
37.5433 134.611 66.8388
0.803038 7.39834e-07 0.595929
0.421319 0.192831
37.5433 37.9764 66.8389
0.803037 7.54917e-07 0.595929
0.0029312 0.192831
30.7083 134.611 69.7995
-0.114573 6.82407e-07 0.993415
0.421319 0.220982
30.7084 37.9764 69.7996
-0.11457 8.86964e-07 0.993415
0.0029312 0.220982
-0.699289 134.611 69.1436
-0.424673 -9.1512e-07 0.905347
0.421963 0.192934
6.72248 134.611 68.5112
0.571717 7.09068e-08 0.820451
0.421963 0.168555
6.72254 37.9764 68.5112
0.571716 -7.21169e-08 0.820452
0.00357337 0.168555
-0.699186 37.9764 69.1436
-0.424674 -1.02446e-06 0.905347
0.00357361 0.192933
-4.9578 134.611 63.0324
-0.99639 -1.11561e-06 0.0848947
0.421963 0.221084
-4.95769 37.9764 63.0323
-0.99639 -9.2493e-07 0.0848962
0.00357361 0.221084
-1.79453 134.611 56.2888
-0.571716 -1.71539e-07 -0.820452
0.421963 0.245463
-1.79448 37.9764 56.2887
-0.571717 8.8854e-08 -0.820451
0.00357337 0.245463
5.62721 134.611 55.6564
0.424674 8.68716e-07 -0.905346
0.421963 0.269842
5.6273 37.9764 55.6564
0.424674 9.09862e-07 -0.905346
0.00357337 0.269842
9.88572 134.611 61.7677
0.99639 9.11532e-07 -0.0848948
0.42208 0.144373
5.62721 134.611 55.6564
0.424674 8.68716e-07 -0.905346
0.42208 0.116223
5.6273 37.9764 55.6564
0.424674 9.09862e-07 -0.905346
0.00369072 0.116223
9.8858 37.9764 61.7676
0.99639 8.49283e-07 -0.0848941
0.00369072 0.144373
-57.4918 134.611 54.9645
-0.0594428 -6.30895e-07 -0.998232
0.422079 0.270016
-63.7097 134.611 59.0657
-0.894216 -3.34058e-10 -0.447637
0.422079 0.245637
-63.7098 37.9764 59.0657
-0.894216 2.35345e-08 -0.447636
0.00368953 0.245636
-57.4919 37.9764 54.9645
-0.0594431 -5.87622e-07 -0.998232
0.00368953 0.270016
-50.8311 134.611 58.2988
0.834772 -6.30791e-07 -0.550596
0.42208 0.144376
-57.4918 134.611 54.9645
-0.0594428 -6.30895e-07 -0.998232
0.42208 0.116226
-57.4919 37.9764 54.9645
-0.0594431 -5.87622e-07 -0.998232
0.0036912 0.116226
-50.8312 37.9764 58.2988
0.834772 -6.33023e-07 -0.550595
0.0036912 0.144376
-50.3884 134.611 65.7342
0.894216 -1.333e-08 0.447635
0.422079 0.168729
-50.3884 37.9764 65.7343
0.894216 -3.49661e-08 0.447636
0.00368976 0.168729
-56.6063 134.611 69.8354
0.0594436 6.09373e-07 0.998232
0.422079 0.193108
-56.6063 37.9764 69.8355
0.059443 5.99671e-07 0.998232
0.00368976 0.193108
-63.267 134.611 66.5011
-0.834772 6.21089e-07 0.550595
0.422079 0.221258
-63.267 37.9764 66.5012
-0.834772 6.11386e-07 0.550595
0.00368976 0.221258
-30.5432 134.611 69.1231
-0.430495 -7.05546e-07 0.902593
0.42196 0.192902
-23.1176 134.611 68.5386
0.56642 -2.77492e-08 0.824117
0.42196 0.168523
-23.1175 37.9765 68.5385
0.56642 -1.29057e-07 0.824117
0.00357122 0.168523
-30.5432 37.9765 69.123
-0.430496 -8.11179e-07 0.902592
0.00357122 0.192902
-34.7623 134.611 62.9846
-0.996916 -7.28505e-07 0.0784781
0.42196 0.221053
-34.7622 37.9765 62.9845
-0.996916 -6.67063e-07 0.0784782
0.00357122 0.221053
-31.5557 134.611 56.2615
-0.566422 1.58636e-08 -0.824115
0.421961 0.245432
-31.5557 37.9765 56.2614
-0.566423 1.40573e-07 -0.824115
0.00357098 0.245432
-24.13 134.611 55.6769
0.430495 7.47911e-07 -0.902593
0.421961 0.269811
-24.13 37.9765 55.6769
0.430494 8.42425e-07 -0.902593
0.00357098 0.269811
-19.911 134.611 61.8155
0.996916 6.70296e-07 -0.0784752
0.422082 0.144373
-24.13 134.611 55.6769
0.430495 7.47911e-07 -0.902593
0.422082 0.116223
-24.13 37.9765 55.6769
0.430494 8.42425e-07 -0.902593
0.00369311 0.116223
-19.9109 37.9765 61.8154
0.996916 7.05869e-07 -0.0784763
0.00369311 0.144373
-53.7276 134.611 -55.4199
0.445917 -8.45567e-07 0.895075
0.422098 0.269926
-49.6145 134.611 -61.6299
0.998116 2.31906e-07 0.0613588
0.422098 0.245547
-49.6145 37.9764 -61.63
0.998116 7.03403e-09 0.0613614
0.00370936 0.245546
-53.7276 37.9764 -55.42
0.445921 -3.91617e-07 0.895072
0.00370936 0.269926
-61.1622 134.611 -55.8769
-0.552198 -5.99992e-07 0.833713
0.422079 0.144374
-53.7276 134.611 -55.4199
0.445917 -8.45567e-07 0.895075
0.422079 0.116224
-53.7276 37.9764 -55.42
0.445921 -3.91617e-07 0.895072
0.00369024 0.116224
-61.1622 37.9764 -55.877
-0.552196 -4.15297e-07 0.833714
0.00368976 0.144375
-64.4837 134.611 -62.544
-0.998116 2.27662e-07 -0.0613594
0.422099 0.168638
-64.4837 37.9764 -62.5441
-0.998116 1.0462e-07 -0.0613613
0.00370888 0.168638
-60.3705 134.611 -68.7541
-0.445916 3.97678e-07 -0.895075
0.422098 0.193017
-60.3706 37.9764 -68.7541
-0.445921 8.74711e-07 -0.895072
0.00370912 0.193017
-52.936 134.611 -68.297
0.552197 6.57661e-07 -0.833714
0.422098 0.221167
-52.9359 37.9764 -68.2971
0.552196 7.63616e-07 -0.833714
0.00370936 0.221167
-33.7874 134.611 -58.3627
-0.866026 -8.89756e-07 0.5
0.421938 0.269814
-27.3367 134.611 -54.6384
1.19124e-07 2.34744e-07 1
0.421938 0.245435
-27.3366 37.9765 -54.6384
-1.70881e-06 -1.74251e-08 1
0.00354876 0.245434
-33.7873 37.9765 -58.3627
-0.866025 -7.33779e-07 0.500001
0.00354876 0.269813
-33.7874 134.611 -65.8113
-0.866025 -8.86035e-07 -0.500001
0.422077 0.144375
-33.7874 134.611 -58.3627
-0.866026 -8.89756e-07 0.5
0.422077 0.116224
-33.7873 37.9765 -58.3627
-0.866025 -7.33779e-07 0.500001
0.00368833 0.116224
-33.7873 37.9765 -65.8113
-0.866026 -7.12247e-07 -0.5
0.00368833 0.144375
-27.3366 134.611 -69.5356
2.19078e-08 -3.88755e-10 -1
0.421938 0.168527
-27.3366 37.9765 -69.5356
1.31447e-07 6.58025e-08 -1
0.00354876 0.168527
-20.886 134.611 -65.8113
0.866025 9.32131e-07 -0.500001
0.421938 0.192906
-20.8858 37.9765 -65.8113
0.866025 9.87097e-07 -0.500001
0.00354876 0.192906
-20.886 134.611 -58.3627
0.866026 1.16932e-06 0.499999
0.421938 0.221056
-20.8858 37.9765 -58.3627
0.866025 9.23738e-07 0.500001
0.00354876 0.221056
2.01274 134.611 -69.522
-0.0605878 -7.50996e-07 -0.998163
0.422078 0.19313
-4.20049 134.611 -65.4137
-0.894729 1.54188e-07 -0.44661
0.422078 0.168752
-4.20052 37.9764 -65.4136
-0.894728 -9.24618e-08 -0.446612
0.00368881 0.168751
2.01272 37.9764 -69.5219
-0.0605868 -8.30349e-07 -0.998163
0.00368929 0.19313
8.67725 134.611 -66.1954
0.834141 -6.8549e-07 -0.551551
0.422078 0.221281
8.67722 37.9764 -66.1953
0.834142 -7.16852e-07 -0.55155
0.00368929 0.221281
9.12852 134.611 -58.7604
0.894728 6.21611e-08 0.446612
0.422078 0.245659
9.1285 37.9764 -58.7603
0.894728 1.35851e-07 0.446612
0.00368929 0.24566
2.91533 134.611 -54.6521
0.0605878 7.64999e-07 0.998163
0.422078 0.270039
2.9153 37.9764 -54.652
0.0605902 1.02624e-06 0.998163
0.00368929 0.270039
-3.74918 134.611 -57.9787
-0.83414 9.45671e-07 0.551553
0.422078 0.144372
2.91533 134.611 -54.6521
0.0605878 7.64999e-07 0.998163
0.422078 0.116222
2.9153 37.9764 -54.652
0.0605902 1.02624e-06 0.998163
0.00368881 0.116222
-3.74924 37.9764 -57.9786
-0.83414 9.3457e-07 0.551553
0.00368881 0.144372
33.4113 134.611 -69.3024
0.248302 -9.65887e-07 -0.968683
0.421986 0.192973
26.2378 134.611 -67.2964
-0.714755 -5.55775e-08 -0.699375
0.421986 0.168594
26.2378 37.9764 -67.2963
-0.714755 -1.82867e-08 -0.699374
0.00359751 0.168594
33.4112 37.9764 -69.3023
0.248298 -6.19669e-07 -0.968684
0.00359751 0.192973
38.7352 134.611 -64.093
0.963054 -7.77227e-07 -0.269309
0.421986 0.221124
38.7352 37.9764 -64.0929
0.963053 -6.04777e-07 -0.26931
0.00359751 0.221124
36.8858 134.611 -56.8776
0.714757 1.9205e-07 0.699373
0.421986 0.245503
36.8857 37.9764 -56.8776
0.714756 1.24245e-07 0.699374
0.00359703 0.245503
29.7123 134.611 -54.8717
-0.248298 8.28586e-07 0.968684
0.421986 0.269882
29.7122 37.9764 -54.8716
-0.248299 8.22627e-07 0.968683
0.00359703 0.269882
24.3884 134.611 -60.081
-0.963054 7.9004e-07 0.269309
0.42208 0.144375
29.7123 134.611 -54.8717
-0.248298 8.28586e-07 0.968684
0.42208 0.116224
29.7122 37.9764 -54.8716
-0.248299 8.22627e-07 0.968683
0.00369191 0.116224
24.3883 37.9764 -60.081
-0.963054 7.15411e-07 0.269308
0.00369191 0.144374
-47.2012 216.056 27.6955
-0.00790544 3.23963e-07 -0.999969
0.210804 0.261153
-53.6222 216.056 31.4707
-0.869951 -8.82569e-08 -0.493138
0.210804 0.236057
-53.6222 167.467 31.4707
-0.86995 6.50195e-08 -0.493139
0.00627114 0.236057
-47.2012 167.467 27.6955
-0.00790516 3.82778e-07 -0.999969
0.00627114 0.261153
-40.7212 216.056 31.3687
0.862046 4.38238e-07 -0.50683
0.210805 0.131796
-47.2012 216.056 27.6955
-0.00790544 3.23963e-07 -0.999969
0.210805 0.102819
-47.2012 167.467 27.6955
-0.00790516 3.82778e-07 -0.999969
0.00627066 0.102819
-40.7212 167.467 31.3687
0.862046 3.45395e-07 -0.50683
0.00627066 0.131796
-40.6623 216.056 38.8171
0.86995 -2.95116e-08 0.49314
0.210805 0.156891
-40.6623 167.467 38.8171
0.869951 -1.83297e-07 0.493139
0.00627114 0.15689
-47.0834 216.056 42.5923
0.00790302 -7.89781e-07 0.999969
0.210805 0.181985
-47.0834 167.467 42.5923
0.0079061 -6.07323e-07 0.999969
0.0062709 0.181985
-53.5634 216.056 38.9191
-0.862046 -7.61221e-07 0.50683
0.210805 0.210962
-53.5634 167.467 38.9191
-0.862046 -4.2336e-07 0.50683
0.00627114 0.210962
-44.161 216.056 5.4838
0.40025 2.8294e-07 -0.916406
0.211946 0.268624
-51.5631 216.056 6.31489
-0.593507 1.72767e-07 -0.804829
0.211946 0.243528
-51.5631 167.467 6.31488
-0.593506 3.12957e-07 -0.80483
0.00741233 0.243528
-44.161 167.467 5.48378
0.400248 7.7242e-07 -0.916407
0.00741233 0.268624
-39.7402 216.056 11.4787
0.993756 7.0588e-07 -0.111579
0.211947 0.131505
-44.161 216.056 5.4838
0.40025 2.8294e-07 -0.916406
0.211947 0.102527
-44.161 167.467 5.48378
0.400248 7.7242e-07 -0.916407
0.00741281 0.102527
-39.7401 167.467 11.4787
0.993756 5.85143e-07 -0.111578
0.00741281 0.131505
-42.7215 216.056 18.3047
0.593506 3.12264e-07 0.80483
0.211947 0.160481
-42.7215 167.467 18.3047
0.593504 -3.38637e-07 0.804831
0.00741281 0.160481
-50.1236 216.056 19.1358
-0.400251 -3.81602e-07 0.916405
0.211946 0.189458
-50.1236 167.467 19.1357
-0.40025 -5.19882e-07 0.916406
0.00741281 0.189458
-54.5444 216.056 13.1409
-0.993756 -1.87801e-07 0.111578
0.211946 0.218434
-54.5444 167.467 13.1409
-0.993756 -1.45208e-07 0.111577
0.00741281 0.218434
-45.2059 216.056 -17.8932
0.259959 6.29262e-07 -0.96562
0.209051 0.236483
-52.403 216.056 -15.9738
-0.70627 -2.31992e-07 -0.707942
0.209051 0.211388
-52.403 167.467 -15.9739
-0.70627 9.30699e-08 -0.707943
0.0045174 0.211388
-45.2059 167.467 -17.8932
0.259963 1.82462e-07 -0.965619
0.0045174 0.236483
-39.9452 216.056 -12.62
0.966231 4.46669e-07 -0.257676
0.209051 0.265461
-39.9452 167.467 -12.62
0.966232 1.33213e-07 -0.257675
0.0045174 0.265461
-41.8815 216.056 -5.42742
0.706268 -1.15386e-07 0.707945
0.209051 0.128338
-39.9452 216.056 -12.62
0.966231 4.46669e-07 -0.257676
0.209051 0.0993607
-39.9452 167.467 -12.62
0.966232 1.33213e-07 -0.257675
0.00451692 0.0993607
-41.8815 167.467 -5.42743
0.706269 -1.7059e-07 0.707944
0.00451692 0.128338
-49.0787 216.056 -3.50807
-0.259963 -7.06053e-07 0.965618
0.209051 0.157316
-49.0786 167.467 -3.5081
-0.259962 -7.37688e-07 0.965619
0.00451716 0.157316
-54.3394 216.056 -8.78128
-0.966231 -1.04181e-06 0.257676
0.209051 0.186294
-54.3394 167.467 -8.78131
-0.966231 -5.59832e-07 0.257677
0.0045174 0.186294
-44.9006 216.056 -27.8569
0.300957 2.6379e-07 0.953638
0.21148 0.272783
-39.8698 216.056 -33.3499
0.976353 -3.04292e-07 0.21618
0.21148 0.243805
-39.8698 167.467 -33.3499
0.976354 2.53229e-07 0.216179
0.00694582 0.243805
-44.9006 167.467 -27.8569
0.300958 6.35092e-07 0.953637
0.00694582 0.272783
-52.173 216.056 -29.4671
-0.675394 6.56933e-07 0.737457
0.21148 0.127897
-44.9006 216.056 -27.8569
0.300957 2.6379e-07 0.953638
0.21148 0.0989196
-44.9006 167.467 -27.8569
0.300958 6.35092e-07 0.953637
0.00694582 0.0989196
-52.1731 167.467 -29.4671
-0.675395 4.41918e-07 0.737456
0.00694582 0.127897
-54.4148 216.056 -36.5704
-0.976354 2.2249e-07 -0.21618
0.21148 0.156873
-54.4148 167.467 -36.5704
-0.976353 -2.58012e-07 -0.216181
0.00694582 0.156873
-49.384 216.056 -42.0635
-0.300958 -7.79543e-07 -0.953637
0.21148 0.185851
-49.384 167.467 -42.0635
-0.30096 -7.25554e-07 -0.953637
0.00694606 0.185851
-42.1115 216.056 -40.4533
0.675394 -1.03918e-06 -0.737457
0.21148 0.214828
-42.1115 167.467 -40.4532
0.675393 -5.33485e-07 -0.737458
0.00694606 0.214828
-32.2722 216.056 -36.5717
-0.976316 1.26538e-07 -0.216351
0.211836 0.153908
-30.0317 216.056 -29.468
-0.675522 1.7708e-07 0.73734
0.211835 0.128813
-30.0317 167.467 -29.468
-0.675521 1.8327e-07 0.737341
0.00730192 0.128813
-32.2722 167.467 -36.5717
-0.976316 1.59547e-07 -0.216349
0.00730144 0.153908
-27.2405 216.056 -42.0639
-0.300796 -4.79357e-09 -0.953689
0.211836 0.182885
-27.2405 167.467 -42.0639
-0.300794 -1.34029e-08 -0.953689
0.00730144 0.182885
-19.9683 216.056 -40.4524
0.67552 -1.41652e-07 -0.737341
0.211835 0.20798
-19.9683 167.467 -40.4524
0.675522 -1.79358e-07 -0.73734
0.00730144 0.20798
-17.7278 216.056 -33.3486
0.976316 -6.5787e-07 0.216351
0.211835 0.233075
-17.7278 167.467 -33.3487
0.976316 -3.27452e-07 0.216348
0.00730144 0.233075
-22.7595 216.056 -27.8565
0.300795 -4.49182e-07 0.953689
0.211835 0.262053
-22.7595 167.467 -27.8565
0.300796 -1.16488e-07 0.953689
0.00730144 0.262053
-22.7595 216.056 -27.8565
0.300795 -4.49182e-07 0.953689
0.211835 0.103717
-22.7595 167.467 -27.8565
0.300796 -1.16488e-07 0.953689
0.00730192 0.103717
0.0703435 216.056 -27.6317
0.1789 2.0579e-07 0.983867
0.213234 0.244098
5.75071 216.056 -32.45
0.941504 3.34039e-08 0.337001
0.213233 0.215121
5.75068 167.467 -32.45
0.941505 -2.32786e-07 0.337
0.00869979 0.215121
0.0703545 167.467 -27.6317
0.178903 4.194e-07 0.983867
0.00869956 0.244098
-6.94258 216.056 -30.1419
-0.762602 1.15992e-07 0.646868
0.213234 0.273076
-6.94258 167.467 -30.1419
-0.762602 5.7016e-07 0.646868
0.00869956 0.273076
-8.27515 216.056 -37.4704
-0.941505 1.86876e-08 -0.336998
0.213233 0.132072
-6.94258 216.056 -30.1419
-0.762602 1.15992e-07 0.646868
0.213234 0.106978
-6.94258 167.467 -30.1419
-0.762602 5.7016e-07 0.646868
0.00869956 0.106978
-8.27518 167.467 -37.4704
-0.941505 3.72767e-07 -0.336998
0.00869956 0.132072
-2.59481 216.056 -42.2887
-0.178902 2.0001e-10 -0.983867
0.213233 0.157167
-2.59481 167.467 -42.2887
-0.178901 -1.47359e-07 -0.983867
0.00869956 0.157167
4.41812 216.056 -39.7785
0.762602 5.84408e-08 -0.646869
0.213233 0.186144
4.41812 167.467 -39.7785
0.762604 -4.68829e-07 -0.646866
0.00869956 0.186144
14.0175 216.056 -36.1989
-0.986074 5.85181e-07 -0.166304
0.212204 0.12578
16.6171 216.056 -29.2187
-0.637062 -1.38209e-07 0.770813
0.212205 0.0968023
16.6171 167.467 -29.2187
-0.637062 1.37321e-07 0.770813
0.00767045 0.0968023
14.0174 167.467 -36.199
-0.986074 7.04043e-07 -0.166306
0.00767021 0.12578
18.7627 216.056 -41.9404
-0.349012 9.23389e-07 -0.937118
0.212204 0.154756
18.7627 167.467 -41.9405
-0.349012 5.9892e-07 -0.937118
0.00767021 0.154756
26.1076 216.056 -40.7017
0.637063 3.06009e-07 -0.770812
0.212205 0.183735
26.1076 167.467 -40.7017
0.637063 -4.10164e-08 -0.770812
0.00767069 0.183734
28.7073 216.056 -33.7214
0.986074 -3.19592e-07 0.166307
0.212205 0.212712
28.7073 167.467 -33.7214
0.986074 -2.84511e-07 0.166306
0.00767045 0.212712
23.962 216.056 -27.9799
0.34901 -4.76151e-07 0.937119
0.212205 0.241688
23.962 167.467 -27.9799
0.349012 -2.61846e-07 0.937118
0.00767069 0.241689
16.6171 216.056 -29.2187
-0.637062 -1.38209e-07 0.770813
0.212204 0.270666
16.6171 167.467 -29.2187
-0.637062 1.37321e-07 0.770813
0.00767093 0.270666
14.9116 216.056 16.0341
-0.866025 2.41379e-07 0.5
0.208791 0.270431
21.3624 216.056 19.7584
2.55501e-06 5.53772e-08 1
0.208792 0.241454
21.3623 167.467 19.7584
5.25787e-07 1.09618e-08 1
0.00425809 0.241454
14.9116 167.467 16.0341
-0.866025 7.86359e-07 0.500001
0.00425809 0.270431
14.9117 216.056 8.58544
-0.866025 6.61996e-07 -0.500001
0.208792 0.125545
14.9116 216.056 16.0341
-0.866025 2.41379e-07 0.5
0.208792 0.0965678
14.9116 167.467 16.0341
-0.866025 7.86359e-07 0.500001
0.00425809 0.0965678
14.9116 167.467 8.58543
-0.866026 5.59479e-07 -0.499999
0.00425785 0.125545
21.3624 216.056 4.86111
2.38797e-06 2.6361e-07 -1
0.208792 0.154522
21.3623 167.467 4.86111
3.02328e-06 -1.57551e-07 -1
0.00425785 0.154522
27.8131 216.056 8.58546
0.866026 -1.99596e-07 -0.499998
0.208792 0.1835
27.8131 167.467 8.58547
0.866027 -1.80498e-07 -0.499998
0.00425785 0.1835
27.8131 216.056 16.0341
0.866026 -2.34779e-08 0.499999
0.208792 0.212478
27.8131 167.467 16.0341
0.866026 -2.75131e-07 0.5
0.00425761 0.212478
14.9117 216.056 -6.9763
-0.866024 6.81799e-07 0.500002
0.213877 0.246073
21.3624 216.056 -3.252
7.50345e-07 -6.43497e-08 1
0.213878 0.217097
21.3623 167.467 -3.25199
1.75262e-07 1.46195e-07 1
0.00934341 0.217097
14.9116 167.467 -6.97632
-0.866026 6.50927e-07 0.5
0.00934341 0.246073
14.9117 216.056 -14.4249
-0.866025 9.92974e-07 -0.5
0.213877 0.275051
14.9116 167.467 -14.425
-0.866025 5.53719e-07 -0.5
0.00934364 0.275051
21.3623 216.056 -18.1493
6.13422e-07 3.11255e-07 -1
0.213878 0.130166
14.9117 216.056 -14.4249
-0.866025 9.92974e-07 -0.5
0.213877 0.101189
14.9116 167.467 -14.425
-0.866025 5.53719e-07 -0.5
0.00934317 0.101189
21.3623 167.467 -18.1493
1.07348e-06 -6.80623e-08 -1
0.00934341 0.130166
27.8131 216.056 -14.4249
0.866026 -3.25521e-07 -0.5
0.213878 0.159142
27.8131 167.467 -14.4249
0.866026 -2.75818e-07 -0.5
0.00934317 0.159142
27.8131 216.056 -6.9763
0.866025 -4.67187e-07 0.500001
0.213878 0.188119
27.8131 167.467 -6.97631
0.866026 -2.36003e-07 0.5
0.00934317 0.188119
14.9116 216.056 38.8682
-0.866025 4.55663e-07 0.500001
0.212245 0.214754
21.3624 216.056 42.5926
1.08718e-06 1.09727e-07 1
0.212245 0.185777
21.3623 167.467 42.5926
-1.4021e-06 -7.23485e-09 1
0.00771155 0.185777
14.9116 167.467 38.8682
-0.866025 7.21396e-07 0.5
0.00771155 0.214754
14.9117 216.056 31.4196
-0.866025 8.32092e-07 -0.5
0.212245 0.243731
14.9116 167.467 31.4196
-0.866025 5.53212e-07 -0.5
0.00771108 0.243731
21.3624 216.056 27.6953
7.4487e-07 2.77061e-07 -1
0.212245 0.272708
21.3623 167.467 27.6953
1.18302e-06 -1.18611e-07 -1
0.00771108 0.272708
27.8131 216.056 31.4196
0.866026 -3.7311e-07 -0.499999
0.212245 0.127823
21.3624 216.056 27.6953
7.4487e-07 2.77061e-07 -1
0.212245 0.0988458
21.3623 167.467 27.6953
1.18302e-06 -1.18611e-07 -1
0.00771108 0.0988458
27.8131 167.467 31.4196
0.866025 -1.52161e-07 -0.5
0.00771108 0.127823
27.8131 216.056 38.8683
0.866025 -2.00758e-07 0.500001
0.212245 0.156802
27.8131 167.467 38.8683
0.866025 -2.45711e-07 0.500001
0.00771108 0.156802
-17.7929 216.056 37.0252
0.967578 5.26491e-07 0.252573
0.212073 0.15391
-19.7672 216.056 29.843
0.702525 -2.22973e-07 -0.711659
0.212072 0.128814
-19.7671 167.467 29.843
0.702522 2.1348e-07 -0.711662
0.00753852 0.128814
-17.7928 167.467 37.0253
0.967578 1.42879e-07 0.252573
0.007539 0.15391
-23.0257 216.056 42.3262
0.265057 3.00052e-07 0.964233
0.212073 0.182886
-23.0257 167.467 42.3262
0.265054 1.30945e-07 0.964233
0.007539 0.182886
-30.2328 216.056 40.4448
-0.702522 -9.27486e-08 0.711663
0.212073 0.20798
-30.2328 167.467 40.4448
-0.702522 6.32677e-09 0.711662
0.00753948 0.20798
-32.2072 216.056 33.2626
-0.967578 -4.67196e-07 -0.252571
0.212073 0.233075
-32.2071 167.467 33.2626
-0.967578 -7.18569e-07 -0.252572
0.00753948 0.233075
-26.9743 216.056 27.9617
-0.265055 -8.13784e-07 -0.964233
0.212073 0.262053
-26.9743 167.467 27.9617
-0.265056 -5.1327e-07 -0.964233
0.00753948 0.262053
-26.9743 216.056 27.9617
-0.265055 -8.13784e-07 -0.964233
0.212072 0.10372
-26.9743 167.467 27.9617
-0.265056 -5.1327e-07 -0.964233
0.00753852 0.10372
4.64629 216.056 39.6795
0.793233 5.26471e-07 0.608918
0.213173 0.161531
5.61998 216.056 32.2948
0.923955 -2.14966e-09 -0.382501
0.213173 0.132554
5.61999 167.467 32.2948
0.923954 2.60432e-07 -0.382504
0.00863933 0.132554
4.6463 167.467 39.6795
0.793234 4.03644e-07 0.608916
0.00863885 0.161531
-2.23593 216.056 42.5287
-0.130718 3.52966e-07 0.991419
0.213173 0.190508
-2.23591 167.467 42.5287
-0.13072 3.96925e-07 0.991419
0.00863885 0.190508
-8.14444 216.056 37.993
-0.923954 -2.9415e-08 0.382504
0.213173 0.215603
-8.14444 167.467 37.9931
-0.923954 8.5179e-08 0.382503
0.00863885 0.215603
-7.17076 216.056 30.6083
-0.793235 -1.39634e-07 -0.608915
0.213173 0.240698
-7.17075 167.467 30.6083
-0.793234 -4.08105e-07 -0.608917
0.00863885 0.240698
-0.288545 216.056 27.7592
0.130719 -2.73028e-07 -0.991419
0.213172 0.269674
-0.288537 167.467 27.7592
0.130719 -2.26724e-07 -0.991419
0.00863909 0.269674
-0.288545 216.056 27.7592
0.130719 -2.73028e-07 -0.991419
0.213173 0.103579
-0.288537 167.467 27.7592
0.130719 -2.26724e-07 -0.991419
0.00863933 0.103579
-55.7203 215.543 43.0183
7.09408e-07 -1 7.86344e-15
0.263622 0.513604
30.3164 215.543 43.0183
7.09408e-07 -1 -1.57269e-14
0.328563 0.513604
30.3164 215.543 -43.0184
7.09408e-07 -1 7.86344e-15
0.328563 0.448662
-55.7203 215.543 -43.0184
7.09408e-07 -1 3.14537e-14
0.263622 0.448662
30.3165 222.616 43.0183
1 -1.12093e-06 -1.86962e-08
0.503682 0.307832
30.3165 222.616 -43.0184
1 -1.8877e-06 4.4338e-08
0.132074 0.307832
30.3164 215.543 -43.0184
1 -1.84546e-06 4.08652e-08
0.132074 0.279576
30.3164 215.543 43.0183
1 -1.07869e-06 -2.2169e-08
0.503682 0.279576
-55.7203 222.616 43.0183
-4.20236e-08 1.10685e-06 1
0.503665 0.307831
30.3165 222.616 43.0183
-1.14785e-12 1.61803e-06 1
0.132057 0.307831
30.3164 215.543 43.0183
-2.31632e-09 1.58987e-06 1
0.132057 0.279575
-55.7203 215.543 43.0183
-4.43388e-08 1.07869e-06 1
0.503665 0.279575
-55.7203 222.616 -43.0184
-1 1.10685e-06 -4.20228e-08
0.503693 0.307782
-55.7203 222.616 43.0183
-1 1.61803e-06 0
0.132084 0.307782
-55.7203 215.543 43.0183
-1 1.58987e-06 -2.31522e-09
0.132084 0.279527
-55.7203 215.543 -43.0184
-1 1.07869e-06 -4.4338e-08
0.503693 0.279527
30.3165 222.616 -43.0184
4.20239e-08 -1.58987e-06 -1
0.503582 0.307824
-55.7203 222.616 -43.0184
7.6523e-13 -1.07869e-06 -1
0.131973 0.307824
-55.7203 215.543 -43.0184
2.31603e-09 -1.10685e-06 -1
0.131973 0.279568
30.3164 215.543 -43.0184
4.43392e-08 -1.61803e-06 -1
0.503582 0.279568
27.7154 237.454 40.4172
0.98498 0.172668 -4.64826e-08
0.985544 0.159467
27.7154 237.454 -40.4173
0.98498 0.172668 -4.64826e-08
0.636406 0.159467
30.3165 222.616 -43.0184
0.98498 0.172668 -4.64826e-08
0.624943 0.223783
30.3165 222.616 43.0183
0.98498 0.172668 4.36721e-08
0.996551 0.223783
-53.1192 237.454 40.4172
-5.39647e-07 0.172669 0.98498
0.636076 0.159697
27.7154 237.454 40.4172
-5.39647e-07 0.172669 0.98498
0.985216 0.159697
30.3165 222.616 43.0183
-5.39647e-07 0.172669 0.98498
0.99645 0.223784
-55.7203 222.616 43.0183
-1.22494e-07 0.172671 0.98498
0.624842 0.223784
-53.1192 237.454 -40.4173
-0.98498 0.17267 -1.39448e-07
0.985326 0.159746
-53.1192 237.454 40.4172
-0.98498 0.17267 -1.39448e-07
0.636187 0.159746
-55.7203 222.616 43.0183
-0.98498 0.17267 -1.39448e-07
0.624952 0.223833
-55.7203 222.616 -43.0184
-0.98498 0.172671 0
0.996561 0.223833
27.7154 237.454 -40.4173
-2.60755e-07 0.172671 -0.98498
0.636159 0.159704
-53.1192 237.454 -40.4173
-2.60755e-07 0.172671 -0.98498
0.985298 0.159704
-55.7203 222.616 -43.0184
-2.60755e-07 0.172671 -0.98498
0.996533 0.223791
30.3165 222.616 -43.0184
-1.22494e-07 0.172671 -0.98498
0.624925 0.223791
20.0863 248.755 32.7881
0.828829 0.559502 2.41073e-08
0.952556 0.110805
20.0863 248.755 -32.7881
0.828829 0.559502 2.41073e-08
0.66932 0.110805
27.7154 237.454 -40.4173
0.828829 0.559502 2.41073e-08
0.636406 0.159467
27.7154 237.454 40.4172
0.828829 0.559502 -3.91136e-08
0.985544 0.159467
-45.49 248.755 32.7881
-1.78404e-07 0.559505 0.828827
0.669029 0.110883
20.0863 248.755 32.7881
-1.78404e-07 0.559505 0.828827
0.952264 0.110884
27.7154 237.454 40.4172
-1.78404e-07 0.559505 0.828827
0.985216 0.159697
-53.1192 237.454 40.4172
-1.0796e-06 0.559501 0.82883
0.636076 0.159697
-45.4899 248.755 -32.7881
-0.828828 0.559504 -2.41073e-07
0.952374 0.110932
-45.49 248.755 32.7881
-0.828828 0.559504 -2.41073e-07
0.669139 0.110932
-53.1192 237.454 40.4172
-0.828828 0.559504 -2.41073e-07
0.636187 0.159746
-53.1192 237.454 -40.4173
-0.828827 0.559504 -1.17341e-07
0.985326 0.159746
20.0863 248.755 -32.7881
-2.74833e-07 0.559502 -0.828829
0.669111 0.11089
-45.4899 248.755 -32.7881
-2.74833e-07 0.559502 -0.828829
0.952346 0.110891
-53.1192 237.454 -40.4173
-2.74833e-07 0.559502 -0.828829
0.985298 0.159704
27.7154 237.454 -40.4173
-8.44922e-07 0.559505 -0.828827
0.636159 0.159704
7.23094 260.185 19.9327
0.664445 0.747337 0
0.897045 0.0363904
7.23094 260.185 -19.9328
0.664445 0.747337 0
0.724859 0.0363904
20.0863 248.755 -32.7881
0.664445 0.747337 0
0.669335 0.110686
20.0863 248.755 32.7881
0.664445 0.747337 1.9326e-08
0.952571 0.110686
-32.6345 260.185 19.9327
-2.70154e-06 0.747337 0.664445
0.724371 0.0366747
7.23094 260.185 19.9327
-2.70154e-06 0.747337 0.664445
0.896557 0.036674
20.0863 248.755 32.7881
-2.70154e-06 0.747337 0.664445
0.952081 0.11097
-45.49 248.755 32.7881
-2.12549e-07 0.747343 0.664439
0.668846 0.110971
-32.6345 260.185 -19.9327
-0.664437 0.747344 6.35796e-08
0.896936 0.0365322
-32.6345 260.185 19.9327
-0.664437 0.747344 6.35795e-08
0.72475 0.0365322
-45.49 248.755 32.7881
-0.664437 0.747344 6.35795e-08
0.669225 0.110829
-45.4899 248.755 -32.7881
-0.664438 0.747343 -1.93258e-07
0.952461 0.110829
7.23094 260.185 -19.9328
-2.98767e-06 0.747343 -0.664438
0.724334 0.0364121
-32.6345 260.185 -19.9327
-2.98767e-06 0.747343 -0.664438
0.89652 0.0364125
-45.4899 248.755 -32.7881
-2.98767e-06 0.747343 -0.664438
0.952044 0.110709
20.0863 248.755 -32.7881
-2.89853e-07 0.747338 -0.664444
0.668809 0.110708
7.36168 267.767 20.0635
0.999851 -0.0172392 2.37629e-08
0.897718 0.00367999
7.36168 267.767 -20.0635
0.999851 -0.0172392 2.37629e-08
0.724401 0.00367999
7.23094 260.185 -19.9328
0.999851 -0.0172392 2.37629e-08
0.724967 0.0364351
7.23094 260.185 19.9327
0.999851 -0.017239 0
0.897153 0.0364351
-32.7653 267.767 20.0635
-7.70073e-08 -0.0172434 0.999851
0.723827 0.00353909
7.36168 267.767 20.0635
-7.70073e-08 -0.0172434 0.999851
0.897142 0.00353813
7.23094 260.185 19.9327
-7.70073e-08 -0.0172434 0.999851
0.896578 0.036289
-32.6345 260.185 19.9327
3.0518e-07 -0.0172413 0.999851
0.724392 0.0362897
-32.7653 267.767 -20.0635
-0.999851 -0.0172416 -3.80206e-07
0.897586 0.00359577
-32.7653 267.767 20.0635
-0.999851 -0.0172416 -3.80206e-07
0.724269 0.00359577
-32.6345 260.185 19.9327
-0.999851 -0.0172416 -3.80206e-07
0.724835 0.0363516
-32.6345 260.185 -19.9327
-0.999851 -0.0172391 9.56751e-08
0.897021 0.0363516
7.36168 267.767 -20.0635
-1.72075e-07 -0.0172391 -0.999851
0.723726 0.00354719
-32.7653 267.767 -20.0635
-1.72075e-07 -0.0172391 -0.999851
0.897042 0.00354719
-32.6345 260.185 -19.9327
-1.72075e-07 -0.0172391 -0.999851
0.896477 0.0362973
7.23094 260.185 -19.9328
-1.25365e-07 -0.0172393 -0.999851
0.72429 0.0362973
-96 3.60005 96
1.93715e-07 1 0
0.247856 0.992751
-96 3.60005 -96
1.93715e-07 1 0
0.247856 0.885181
96 3.60001 -96
1.93715e-07 1 0
0.140286 0.885181
96 3.60001 96
1.93715e-07 1 0
0.140286 0.992751
96 3.60001 96
1 0 0
0.0805454 0.302627
96 3.60001 -96
1 0 0
0.909828 0.302627
96 2.09815e-05 -96
1 0 0
0.909828 0.287078
96 2.09815e-05 96
1 0 0
0.0805454 0.287078
-96 3.60005 96
-3.97364e-08 0 1
0.0805454 0.302625
96 3.60001 96
-3.97364e-08 0 1
0.909829 0.302625
96 2.09815e-05 96
-3.97364e-08 0 1
0.909829 0.287076
-96 3.54771e-05 96
-3.97364e-08 0 1
0.0805454 0.287077
-96 3.60005 -96
-1 0 0
0.0805464 0.302626
-96 3.60005 96
-1 0 0
0.90983 0.302626
-96 3.54771e-05 96
-1 0 0
0.90983 0.287077
-96 3.54771e-05 -96
-1 0 0
0.0805464 0.287077
96 3.60001 -96
-7.94729e-08 0 -1
0.0805464 0.302626
-96 3.60005 -96
-7.94729e-08 0 -1
0.909829 0.302626
-96 3.54771e-05 -96
-7.94729e-08 0 -1
0.909829 0.287076
96 2.09815e-05 -96
-7.94729e-08 0 -1
0.0805464 0.287076
-64.1594 129.902 71.964
-2.96533e-07 -1 -6.59167e-14
0.092772 0.107951
38.7553 129.902 71.964
-2.96533e-07 -1 -1.8918e-13
0.092772 0.267654
38.7554 129.902 48.0463
-2.96533e-07 -1 -6.73223e-14
0.129888 0.267654
38.7554 129.902 -47.8058
-2.96533e-07 -1 -1.37629e-13
0.278631 0.267654
38.7554 129.902 -72.3044
-2.96533e-07 -1 -1.1418e-13
0.316648 0.267654
-64.1593 129.902 -72.3044
-2.96533e-07 -1 -3.69388e-13
0.316648 0.107951
-64.1594 129.902 -47.8058
-2.96533e-07 -1 -1.30102e-13
0.278631 0.107951
-64.1594 129.902 48.0463
-2.96533e-07 -1 -6.26588e-14
0.129888 0.107951
-12.7019 162.16 -75.6719
0.469654 0.88285 3.35348e-07
0.99734 0.00413156
38.7554 134.786 -72.3044
0.469654 0.88285 3.4376e-07
0.99734 0.280337
38.7554 134.786 -51.4574
0.469654 0.88285 3.41049e-07
0.907299 0.280337
-12.702 162.16 -51.4574
0.469654 0.88285 3.32947e-07
0.907299 0.00413156
38.7553 134.786 71.964
1.1095e-07 -0.122101 0.992518
0.720275 0.0274068
-64.1594 134.786 71.964
1.1095e-07 -0.122101 0.992518
0.275767 0.0274075
-12.7019 162.16 75.3315
1.1095e-07 -0.122101 0.992518
0.498021 0.145641
-12.7019 162.16 75.3315
-0.469653 0.882851 -1.43381e-07
0.908744 0.00417376
-64.1594 134.786 71.964
-0.469653 0.882851 3.49464e-07
0.908744 0.280379
-64.1594 134.786 51.4573
-0.469653 0.882851 1.93327e-07
0.997316 0.280379
-12.7019 162.16 51.4574
-0.469653 0.882851 -2.8141e-07
0.997316 0.00417376
-64.1594 134.786 -72.3044
1.84529e-07 -0.1221 -0.992518
0.720504 0.0274068
38.7554 134.786 -72.3044
1.84529e-07 -0.1221 -0.992518
0.275997 0.0274068
-12.7019 162.16 -75.6719
1.84529e-07 -0.1221 -0.992518
0.49825 0.145641
-67.3074 129.902 -75.4524
6.98593e-08 5.45672e-14 -1
0.820195 0.857696
41.9034 129.902 -75.4524
6.98593e-08 5.45672e-14 -1
0.348494 0.857696
41.9034 134.786 -75.4524
6.98593e-08 5.45672e-14 -1
0.348494 0.878789
-67.3074 134.786 -75.4524
6.98593e-08 0 -1
0.820196 0.878789
-67.3074 129.902 -75.4524
-1 0 -5.51923e-07
0.348499 0.857698
-67.3074 134.786 -75.4524
-1 0 -5.51923e-07
0.348499 0.878791
-67.3074 134.786 -47.8058
-1 0 -5.51923e-07
0.467909 0.878791
-67.3074 129.902 -47.8058
-1 0 -5.51923e-07
0.467909 0.857698
41.9034 129.902 75.112
-2.09578e-07 0 1
0.820212 0.857694
-67.3074 129.902 75.112
-2.09578e-07 0 1
0.34851 0.857694
-67.3074 134.786 75.112
-2.09578e-07 0 1
0.34851 0.878788
41.9034 134.786 75.112
-2.09578e-07 -1.63702e-13 1
0.820212 0.878787
41.9034 129.902 75.112
1 7.81101e-07 -2.81884e-07
0.348507 0.857678
41.9034 134.786 75.112
1 7.81101e-07 -2.81884e-07
0.348507 0.878772
41.9034 134.786 48.0463
1 7.81101e-07 -2.81884e-07
0.465409 0.878772
41.9034 129.902 48.0463
1 7.81101e-07 -2.81884e-07
0.465409 0.857678
-67.3074 134.786 -75.4524
2.79437e-07 1 5.12652e-06
0.614796 0.224953
41.9034 134.786 -75.4524
2.79437e-07 1 5.12652e-06
0.614796 0.145895
38.7554 134.786 -72.3044
2.79437e-07 1 5.12652e-06
0.612215 0.148174
-64.1594 134.786 -72.3044
2.96532e-07 1 4.55058e-06
0.612215 0.222674
-64.1594 134.786 -51.4574
4.84706e-06 1 -1.01271e-11
0.595122 0.222674
-64.1594 134.786 -47.8058
4.84706e-06 1 -1.01271e-11
0.592128 0.222674
-67.3074 134.786 -47.8058
4.84706e-06 1 -1.01271e-11
0.592127 0.224953
41.9034 134.786 75.112
2.79438e-07 1 -4.56766e-06
0.13588 0.903423
-67.3074 134.786 75.112
2.79438e-07 1 -4.56766e-06
0.13588 0.98248
-64.1594 134.786 71.964
2.79438e-07 1 -4.56766e-06
0.138461 0.980201
38.7553 134.786 71.964
2.96532e-07 1 -5.14357e-06
0.138461 0.905701
38.7554 134.786 51.4574
-4.84709e-06 1 -1.08413e-11
0.155276 0.905701
38.7554 134.786 48.0463
-4.84709e-06 1 -1.08413e-11
0.158073 0.905701
41.9034 134.786 48.0463
-4.84709e-06 1 -1.08413e-11
0.158073 0.903423
41.9034 129.902 -75.4524
-2.79437e-07 -1 -4.56764e-06
0.321533 0.272539
-67.3074 129.902 -75.4524
-2.79437e-07 -1 -4.56764e-06
0.321533 0.103066
41.9034 129.902 -47.8058
4.84708e-06 -1 1.33761e-12
0.278632 0.272539
-67.3074 129.902 75.112
-2.79438e-07 -1 5.12648e-06
0.0878868 0.103066
41.9034 129.902 75.112
-2.79438e-07 -1 5.12648e-06
0.0878868 0.272539
-67.3074 129.902 48.0463
-4.84707e-06 -1 2.73263e-12
0.129888 0.103066
81.1636 50.4255 -79.6049
0.998771 0.0495538 -1.25525e-06
0.0570828 0.0326861
81.1636 50.4255 -67.7232
0.998771 0.0495539 -1.28264e-06
0.0570828 0.0840059
78.9372 95.299 -69.9496
0.998771 0.0495538 -1.06713e-06
0.251139 0.0743894
78.9372 95.299 -77.3786
0.998772 0.0495538 -1.02571e-06
0.251139 0.042303
81.1636 50.4255 -67.7232
9.00983e-07 0.0495531 0.998772
0.0568422 0.0326849
69.2818 50.4255 -67.7232
6.4132e-07 0.049553 0.998772
0.0568422 0.0840026
71.5082 95.299 -69.9496
2.68449e-06 0.0495535 0.998771
0.250659 0.0743876
78.9372 95.299 -69.9496
3.07715e-06 0.0495536 0.998771
0.250659 0.0422998
69.2818 50.4255 -67.7232
-0.998771 0.0495539 1.09343e-07
0.0571002 0.0326931
69.2818 50.4255 -79.605
-0.998771 0.0495539 0
0.0571002 0.0840127
71.5082 95.299 -77.3786
-0.998771 0.0495541 8.60363e-07
0.251156 0.0743968
71.5082 95.299 -69.9496
-0.998771 0.0495541 1.02571e-06
0.251156 0.0423097
69.2818 50.4255 -79.605
4.63612e-07 0.0495531 -0.998772
0.0648963 0.0240924
81.1636 50.4255 -79.6049
6.41321e-07 0.0495531 -0.998772
0.0648963 0.075412
78.9372 95.299 -77.3786
-7.56986e-07 0.0495534 -0.998771
0.258713 0.0657957
71.5082 95.299 -77.3786
-1.02572e-06 0.0495535 -0.998771
0.258713 0.0337083
82.5842 45.561 -66.3026
1 0 -5.18199e-07
0.0357939 0.0901412
82.5842 45.561 -81.0255
1 0 -5.18199e-07
0.0357939 0.0265509
82.5842 38.0766 -81.0255
1 0 -5.18199e-07
0.00350728 0.0265509
82.5842 38.0766 -66.3026
1 0 -5.18199e-07
0.00350728 0.0901412
67.8612 45.561 -66.3026
5.18197e-07 0 1
0.0358309 0.0901399
82.5842 45.561 -66.3026
5.18196e-07 0 1
0.0358309 0.0265484
82.5842 38.0766 -66.3026
5.18197e-07 0 1
0.00350418 0.0265484
67.8612 38.0766 -66.3026
5.18196e-07 0 1
0.00350418 0.0901399
67.8612 45.561 -81.0255
-1 0 0
0.0358113 0.0901484
67.8612 45.561 -66.3026
-1 0 0
0.0358113 0.0265576
67.8612 38.0766 -66.3026
-1 0 0
0.00352444 0.0265576
67.8612 38.0766 -81.0255
-1 0 0
0.00352444 0.0901484
82.5842 45.561 -81.0255
-5.18197e-07 0 -1
0.0438859 0.0815475
67.8612 45.561 -81.0255
-5.18197e-07 0 -1
0.0438859 0.0179565
67.8612 38.0766 -81.0255
-5.18197e-07 0 -1
0.0115592 0.0179565
82.5842 38.0766 -81.0255
-5.18197e-07 0 -1
0.0115592 0.0815475
81.1636 50.4255 -67.7232
0.959904 0.280328 -1.23273e-06
0.0570828 0.0840059
81.1636 50.4255 -79.6049
0.959904 0.280328 -1.23273e-06
0.0570828 0.0326861
82.5842 45.561 -81.0255
0.959904 0.280328 -1.23273e-06
0.0357939 0.0265509
82.5842 45.561 -66.3026
0.959905 0.280327 -4.97421e-07
0.0357939 0.0901412
69.2818 50.4255 -67.7232
6.16363e-07 0.280327 0.959905
0.0568422 0.0840026
81.1636 50.4255 -67.7232
6.16363e-07 0.280327 0.959905
0.0568422 0.0326849
82.5842 45.561 -66.3026
6.16363e-07 0.280327 0.959905
0.0358309 0.0265484
67.8612 45.561 -66.3026
4.97419e-07 0.280327 0.959905
0.0358309 0.0901399
69.2818 50.4255 -79.605
-0.959905 0.280327 0
0.0571002 0.0840127
69.2818 50.4255 -67.7232
-0.959905 0.280327 0
0.0571002 0.0326931
67.8612 45.561 -66.3026
-0.959905 0.280327 0
0.0358113 0.0265576
67.8612 45.561 -81.0255
-0.959905 0.280327 0
0.0358113 0.0901484
81.1636 50.4255 -79.6049
6.16366e-07 0.28032 -0.959907
0.0648963 0.075412
69.2818 50.4255 -79.605
6.16366e-07 0.28032 -0.959907
0.0648963 0.0240924
67.8612 45.561 -81.0255
6.16366e-07 0.28032 -0.959907
0.0438859 0.0179565
82.5842 45.561 -81.0255
-4.9742e-07 0.280322 -0.959906
0.0438859 0.0815475
78.9372 95.299 -77.3786
0 1 0
0.436235 0.174672
78.9372 95.299 -69.9496
0 1 0
0.436235 0.230502
71.5082 95.299 -69.9496
0 1 0
0.492068 0.230502
71.5082 95.299 -77.3786
0 1 0
0.492068 0.174672
81.1636 50.4255 68.4732
0.998771 0.049554 -5.72955e-07
0.0571872 0.0327311
81.1636 50.4255 80.3549
0.998771 0.0495541 -6.41321e-07
0.0571872 0.0840507
78.9372 95.299 78.1285
0.998771 0.0495539 -1.03382e-07
0.251242 0.0744358
78.9372 95.299 70.6995
0.998771 0.0495539 0
0.251242 0.042348
81.1636 50.4255 80.3549
4.63611e-07 0.0495537 0.998771
0.0569483 0.0327416
69.2818 50.4255 80.3549
6.4132e-07 0.0495537 0.998771
0.0569483 0.0840603
71.5082 95.299 78.1285
-7.56985e-07 0.0495534 0.998771
0.250765 0.0744444
78.9372 95.299 78.1285
-1.02572e-06 0.0495534 0.998771
0.250765 0.0423575
69.2818 50.4255 80.3549
-0.998771 0.049554 1.14591e-06
0.0571183 0.0327168
69.2818 50.4255 68.4731
-0.998771 0.049554 1.28264e-06
0.0571183 0.0840369
71.5082 95.299 70.6995
-0.998771 0.0495538 2.06765e-07
0.251173 0.0744205
71.5082 95.299 78.1285
-0.998771 0.0495537 0
0.251173 0.0423341
69.2818 50.4255 68.4731
1.25525e-06 0.0495533 -0.998771
0.0568961 0.0327196
81.1636 50.4255 68.4732
1.28264e-06 0.0495533 -0.998771
0.0568961 0.0840396
78.9372 95.299 70.6995
1.06713e-06 0.0495533 -0.998771
0.250713 0.0744233
71.5082 95.299 70.6995
1.02572e-06 0.0495534 -0.998771
0.250713 0.0423359
82.5842 45.561 81.7755
1 0 -1.03639e-06
0.0358983 0.0901862
82.5842 45.561 67.0526
1 0 -1.03639e-06
0.0358983 0.0265966
82.5842 38.0766 67.0526
1 0 -1.03639e-06
0.00361075 0.0265966
82.5842 38.0766 81.7755
1 0 -1.03639e-06
0.00361075 0.0901862
67.8612 45.561 81.7755
-5.18197e-07 0 1
0.0359379 0.0901967
82.5842 45.561 81.7755
-5.18197e-07 0 1
0.0359379 0.0266052
82.5842 38.0766 81.7755
-5.18197e-07 0 1
0.00361123 0.0266052
67.8612 38.0766 81.7755
-5.18197e-07 0 1
0.00361123 0.0901967
67.8612 45.561 67.0525
-1 0 1.03639e-06
0.0358285 0.0901719
67.8612 45.561 81.7755
-1 0 1.03639e-06
0.0358285 0.0265828
67.8612 38.0766 81.7755
-1 0 1.03639e-06
0.0035428 0.0265828
67.8612 38.0766 67.0525
-1 0 1.03639e-06
0.0035428 0.0901719
82.5842 45.561 67.0526
5.18197e-07 0 -1
0.0358862 0.0901746
67.8612 45.561 67.0525
5.18197e-07 0 -1
0.0358862 0.0265836
67.8612 38.0766 67.0525
5.18197e-07 0 -1
0.00355997 0.0265836
82.5842 38.0766 67.0526
5.18197e-07 0 -1
0.00355997 0.0901746
81.1636 50.4255 80.3549
0.959905 0.280324 -6.16365e-07
0.0571872 0.0840507
81.1636 50.4255 68.4732
0.959905 0.280324 -6.16365e-07
0.0571872 0.0327311
82.5842 45.561 67.0526
0.959905 0.280324 -6.16365e-07
0.0358983 0.0265966
82.5842 45.561 81.7755
0.959905 0.280325 -9.94839e-07
0.0358983 0.0901862
69.2818 50.4255 80.3549
6.16363e-07 0.280328 0.959904
0.0569483 0.0840603
81.1636 50.4255 80.3549
6.16363e-07 0.280328 0.959904
0.0569483 0.0327416
82.5842 45.561 81.7755
6.16363e-07 0.280328 0.959904
0.0359379 0.0266052
67.8612 45.561 81.7755
-4.9742e-07 0.280325 0.959905
0.0359379 0.0901967
69.2818 50.4255 68.4731
-0.959905 0.280327 1.23273e-06
0.0571183 0.0840369
69.2818 50.4255 80.3549
-0.959905 0.280327 1.23273e-06
0.0571183 0.0327168
67.8612 45.561 81.7755
-0.959905 0.280327 1.23273e-06
0.0358285 0.0265828
67.8612 45.561 67.0525
-0.959905 0.280326 9.94839e-07
0.0358285 0.0901719
81.1636 50.4255 68.4732
1.23273e-06 0.280326 -0.959905
0.0568961 0.0840396
69.2818 50.4255 68.4731
1.23273e-06 0.280326 -0.959905
0.0568961 0.0327196
67.8612 45.561 67.0525
1.23273e-06 0.280326 -0.959905
0.0358862 0.0265836
82.5842 45.561 67.0526
4.97419e-07 0.280328 -0.959904
0.0358862 0.0901746
78.9372 95.299 70.6995
0 1 0
0.512182 0.175491
78.9372 95.299 78.1285
0 1 0
0.512182 0.231321
71.5082 95.299 78.1285
0 1 0
0.568013 0.231321
71.5082 95.299 70.6995
0 1 0
0.568013 0.175491
-12.7019 162.16 51.4574
0.469655 0.88285 2.58436e-07
0.995914 0.00415617
38.7554 134.786 51.4574
0.469655 0.88285 1.74733e-07
0.995914 0.280361
38.7553 134.786 71.964
0.469655 0.88285 2.00675e-07
0.907342 0.280361
-12.7019 162.16 75.3315
0.469655 0.88285 2.81411e-07
0.907342 0.00415611
-12.702 162.16 -51.4574
-0.469653 0.882851 -2.22554e-07
0.907343 0.0041557
-64.1594 134.786 -51.4574
-0.469653 0.882851 1.71879e-07
0.907342 0.280361
-64.1594 134.786 -72.3044
-0.469653 0.882851 4.75092e-08
0.997384 0.280361
-12.7019 162.16 -75.6719
-0.469653 0.882851 -3.32946e-07
0.997384 0.0041557
-67.3074 129.902 48.0463
-1 0 5.63769e-07
0.871912 0.857698
-67.3074 134.786 48.0463
-1 0 5.63769e-07
0.871912 0.878791
-67.3074 134.786 75.112
-1 0 5.63769e-07
0.988814 0.878791
-67.3074 129.902 75.112
-1 0 5.63769e-07
0.988814 0.857698
-64.1594 134.786 51.4573
4.8471e-06 1 -3.60668e-12
0.155276 0.980201
-67.3074 134.786 48.0463
4.84715e-06 1 -2.73267e-12
0.158073 0.98248
-64.1594 134.786 48.0463
4.84715e-06 1 -2.73267e-12
0.158073 0.980201
41.9034 129.902 48.0463
4.84709e-06 -1 3.09231e-12
0.129888 0.272539
41.9034 129.902 -47.8058
1 7.81101e-07 2.75962e-07
0.869411 0.857678
41.9034 134.786 -47.8058
1 7.81101e-07 2.75962e-07
0.869411 0.878772
41.9034 134.786 -75.4524
1 7.81101e-07 2.75962e-07
0.988822 0.878772
41.9034 129.902 -75.4524
1 7.81101e-07 2.75962e-07
0.988822 0.857678
38.7554 134.786 -51.4574
-4.84708e-06 1 -3.54778e-12
0.595122 0.148174
41.9034 134.786 -47.8058
-4.84706e-06 1 -1.3376e-12
0.592128 0.145895
38.7554 134.786 -47.8058
-4.84706e-06 1 -1.3376e-12
0.592128 0.148174
-67.3074 129.902 -47.8058
-4.84705e-06 -1 -6.03792e-12
0.278632 0.103066
41.9034 129.902 -47.8058
-6.98593e-08 0 1
0.820212 0.857694
-67.3074 129.902 -47.8058
-6.98593e-08 0 1
0.34851 0.857694
-67.3074 134.786 -47.8058
-6.98593e-08 0 1
0.34851 0.878788
41.9034 134.786 -47.8058
-6.98593e-08 -5.45672e-14 1
0.820212 0.878787
-67.3074 129.902 48.0463
-6.98593e-08 -5.45672e-14 -1
0.820195 0.857696
41.9034 129.902 48.0463
-6.98593e-08 -5.45672e-14 -1
0.348494 0.857696
41.9034 134.786 48.0463
-6.98593e-08 -5.45672e-14 -1
0.348494 0.878789
-67.3074 134.786 48.0463
-6.98593e-08 0 -1
0.820196 0.878789
7.36168 267.767 -20.0635
0.775376 0.6315 1.84279e-08
0.770522 0.1596
7.36168 267.767 20.0635
0.775376 0.6315 1.84279e-08
0.947501 0.1596
-12.7019 292.402 -1.33801e-05
0.775376 0.6315 1.84279e-08
0.859011 0.0194725
7.36168 267.767 20.0635
-2.51192e-06 0.631497 0.775378
0.947449 0.159599
-32.7653 267.767 20.0635
-2.51192e-06 0.631497 0.775378
0.770469 0.1596
-12.7019 292.402 -1.33801e-05
-2.51192e-06 0.631497 0.775378
0.858959 0.0194725
-32.7653 267.767 20.0635
-0.775381 0.631494 -2.94849e-07
0.770522 0.159546
-32.7653 267.767 -20.0635
-0.775381 0.631494 -2.94849e-07
0.947502 0.159546
-12.7019 292.402 -1.33801e-05
-0.775381 0.631494 -2.94849e-07
0.859012 0.0194193
-32.7653 267.767 -20.0635
-2.58563e-06 0.631497 -0.775378
0.947449 0.159547
7.36168 267.767 -20.0635
-2.58563e-06 0.631497 -0.775378
0.770469 0.159546
-12.7019 292.402 -1.33801e-05
-2.58563e-06 0.631497 -0.775378
0.85896 0.0194193
[ INDEX_DATA ]
0 2 1
2 0 3
4 6 5
6 4 7
8 10 9
10 8 11
12 14 13
14 12 15
16 18 17
18 16 19
20 22 21
22 20 23
24 23 20
23 24 25
26 25 24
25 26 27
28 30 29
30 28 31
32 34 33
34 32 35
36 38 37
38 36 39
40 42 41
42 40 43
44 43 40
43 44 45
46 45 44
45 46 47
41 47 46
47 41 42
48 50 49
50 48 51
52 54 53
54 52 55
56 58 57
58 56 59
60 62 61
62 60 63
64 66 65
64 7 66
64 6 7
67 5 68
67 4 5
67 69 4
70 27 26
27 70 71
72 74 73
74 72 75
76 78 77
79 81 80
21 83 82
83 21 22
82 84 21
82 85 84
82 26 85
82 70 26
86 88 87
88 86 89
90 92 91
92 94 93
90 94 92
94 96 95
90 96 94
90 97 96
98 100 99
100 98 101
101 102 100
102 101 103
104 106 105
106 104 107
107 99 106
99 107 98
108 110 109
110 108 111
112 105 113
105 112 104
114 116 115
116 114 117
118 120 119
120 118 121
122 124 123
89 86 124
123 124 125
126 128 127
129 124 130
129 130 131
131 133 132
132 133 134
135 137 136
137 135 138
139 141 140
141 139 142
143 142 139
142 143 144
145 144 143
144 145 146
147 146 145
146 147 148
136 148 147
148 136 137
149 151 150
151 149 152
153 152 149
152 153 154
155 154 153
154 155 156
157 156 155
156 157 158
159 161 160
161 159 162
150 162 159
162 150 151
163 165 164
165 163 166
167 169 168
169 167 170
171 170 167
170 171 172
173 172 171
172 173 174
175 174 173
174 175 176
164 176 175
176 164 165
177 179 178
179 177 180
181 180 177
180 181 182
183 182 181
182 183 184
185 184 183
184 185 186
187 189 188
189 187 190
178 190 187
190 178 179
191 193 192
193 191 194
195 197 196
197 195 198
199 198 195
198 199 200
201 200 199
200 201 202
203 202 201
202 203 204
192 204 203
204 192 193
205 207 206
207 205 208
209 211 210
211 209 212
213 212 209
212 213 214
215 214 213
214 215 216
217 216 215
216 217 218
206 218 217
218 206 207
219 221 220
221 219 222
223 222 219
222 223 224
225 224 223
224 225 226
227 226 225
226 227 228
229 231 230
231 229 232
220 232 229
232 220 221
233 235 234
235 233 236
237 236 233
236 237 238
239 238 237
238 239 240
241 240 239
240 241 242
243 245 244
245 243 246
234 246 243
246 234 235
247 249 248
249 247 250
251 253 252
253 251 254
255 254 251
254 255 256
257 256 255
256 257 258
259 258 257
258 259 260
248 260 259
260 248 249
261 263 262
263 261 264
265 267 266
267 265 268
269 268 265
268 269 270
271 270 269
270 271 272
273 272 271
272 273 274
262 274 273
274 262 263
275 277 276
277 275 278
279 278 275
278 279 280
281 283 282
283 281 284
285 284 281
284 285 286
287 286 285
286 287 288
276 288 287
288 276 277
289 291 290
291 289 292
293 295 294
295 293 296
297 296 293
296 297 298
299 298 297
298 299 300
301 300 299
300 301 302
290 302 301
302 290 291
303 305 304
305 303 306
307 306 303
306 307 308
309 308 307
308 309 310
311 310 309
310 311 312
313 312 311
312 313 314
304 316 315
316 304 305
317 319 318
319 317 320
321 320 317
320 321 322
323 325 324
325 323 326
327 326 323
326 327 328
329 328 327
328 329 330
318 330 329
330 318 319
331 333 332
333 331 334
335 334 331
334 335 336
337 336 335
336 337 338
339 338 337
338 339 340
341 340 339
340 341 342
343 342 341
342 343 344
345 347 346
347 345 348
349 351 350
351 349 352
353 352 349
352 353 354
355 354 353
354 355 356
357 356 355
356 357 358
346 358 357
358 346 347
359 361 360
361 359 362
363 362 359
362 363 364
365 367 366
367 365 368
369 368 365
368 369 370
371 370 369
370 371 372
360 372 371
372 360 361
373 375 374
375 373 376
377 376 373
376 377 378
379 378 377
378 379 380
381 383 382
383 381 384
385 384 381
384 385 386
374 386 385
386 374 375
387 389 388
389 387 390
391 390 387
390 391 392
393 392 391
392 393 394
395 394 393
394 395 396
397 396 395
396 397 398
388 400 399
400 388 389
401 403 402
403 401 404
405 404 401
404 405 406
407 406 405
406 407 408
409 408 407
408 409 410
411 410 409
410 411 412
402 414 413
414 402 403
415 417 416
417 415 418
419 421 420
421 419 422
423 425 424
425 423 426
427 429 428
429 427 430
431 433 432
433 431 434
435 437 436
437 435 438
439 441 440
441 439 442
443 445 444
445 443 446
447 449 448
449 447 450
451 453 452
453 451 454
455 457 456
457 455 458
459 461 460
461 459 462
463 465 464
465 463 466
467 469 468
469 467 470
471 473 472
473 471 474
475 477 476
477 475 478
479 481 480
481 479 482
483 485 484
485 483 486
487 489 488
489 487 490
491 493 492
493 491 494
495 497 496
497 495 498
499 501 500
501 499 502
503 505 504
505 503 506
507 509 508
509 507 510
511 513 512
513 511 514
515 517 516
517 515 518
519 521 520
519 522 521
519 523 522
523 525 524
523 526 525
519 526 523
527 529 528
529 527 530
531 533 532
534 536 535
536 534 537
538 540 539
541 543 542
543 541 544
545 547 546
547 545 548
549 551 550
551 549 552
553 555 554
555 553 556
557 559 558
559 557 560
561 563 562
563 560 557
561 560 563
564 566 565
566 564 567
568 570 569
570 567 564
568 567 570
571 524 572
524 571 523
573 523 571
523 573 522
574 520 575
520 574 519
576 519 574
519 576 526
577 579 578
579 577 580
581 583 582
583 581 584
585 587 586
587 585 588
589 591 590
591 589 592
593 595 594
595 593 596
597 599 598
599 597 600
601 603 602
603 601 604
605 607 606
607 605 608
609 611 610
611 609 612
613 615 614
615 613 616
617 619 618
619 617 620
621 623 622
623 621 624
625 627 626
627 625 628
629 631 630
631 629 632
633 635 634
635 633 636
637 639 638
639 637 640
641 643 642
643 641 644
645 647 646
647 645 648
649 651 650
651 649 652
653 655 654
655 653 656
657 659 658
659 657 660
661 663 662
663 661 664
665 667 666
667 665 668
669 671 670
671 669 672
673 675 674
675 673 676
677 679 678
679 677 680
681 683 682
683 681 684
685 687 686
687 685 688
689 691 690
691 689 692
693 565 566
565 695 694
693 695 565
696 520 521
520 696 575
697 699 698
699 697 700
701 558 559
558 703 702
701 703 558
704 524 525
524 704 572
705 707 706
707 705 708
709 711 710
711 709 712
89 124 122
131 130 133
87 132 134
132 87 88
713 715 714
716 718 717
719 721 720
722 724 723

[TANGENT_DATA]
0.000000 1.000000 0.000000 -0.000000 1.000000 -0.000000 0.000000 1.000000 0.000000 0.000000 1.000000 0.000000 0.000000 1.000000 0.000000 0.000000 1.000000 0.000000 -0.008161 -0.999967 -0.000033 -0.006285 -0.999980 -0.000004 -0.000000 -1.000000 0.000000 -0.000000 -1.000000 0.000000 0.000917 -1.000000 0.000001 -0.008161 -0.999967 -0.000033 1.000000 0.000000 0.000000 1.000000 -0.000000 -0.000000 1.000000 -0.000000 0.000000 1.000000 -0.000000 0.000000 1.000000 0.000000 0.000001 1.000000 0.000000 0.000000 -0.000000 1.000000 0.000000 0.000000 1.000000 0.000000 -0.000000 1.000000 -0.000000 -0.000000 1.000000 -0.000000 -0.000000 1.000000 0.000000 -0.000000 1.000000 0.000000 -1.000000 0.000000 0.000000 -1.000000 0.000000 0.000000 -1.000000 0.000000 0.000000 -1.000000 0.000000 0.000000 -1.000000 0.000000 0.000000 -1.000000 0.000000 0.000000 -1.000000 0.000000 0.000000 -1.000000 0.000001 -0.000000 -1.000000 -0.000000 0.000000 -1.000000 -0.000000 0.000000 -1.000000 0.000002 0.000000 -1.000000 0.000000 0.000000 -1.000000 0.000002 0.000000 -1.000000 0.000000 0.000000 -1.000000 0.000002 0.000000 -1.000000 0.000002 0.000000 -1.000000 0.000002 0.000000 -1.000000 0.000002 0.000000 -1.000000 0.000002 -0.000000 -1.000000 0.000002 0.000000 -1.000000 0.000002 0.000000 -1.000000 0.000002 0.000000 -1.000000 -0.000001 0.000000 -1.000000 0.000002 -0.000000 -1.000000 0.000000 0.000000 -1.000000 -0.000000 0.000000 -1.000000 0.000000 0.000000 -1.000000 0.000000 0.000000 -1.000000 0.000000 0.000000 -1.000000 0.000000 0.000000 0.000000 -1.000000 -0.000000 0.000000 -1.000000 -0.000000 0.000000 -1.000000 -0.000000 0.000000 -1.000000 -0.000000 0.000000 -1.000000 -0.000000 0.000000 -1.000000 -0.000000 1.000000 -0.000000 -0.000000 1.000000 0.000000 -0.000000 1.000000 -0.000000 -0.000000 1.000000 -0.000000 -0.000000 1.000000 -0.000000 -0.000000 1.000000 -0.000000 -0.000000 -1.000000 0.000001 0.000000 -1.000000 0.000000 0.000000 -1.000000 0.000001 0.000000 -1.000000 0.000001 0.000000 -1.000000 0.000001 0.000000 -1.000000 0.000001 0.000000 -1.000000 -0.000001 0.000000 -1.000000 0.000001 0.000000 -1.000000 0.000001 0.000000 -1.000000 0.000001 0.000000 -1.000000 -0.000001 0.000000 -1.000000 -0.000001 0.000000 -1.000000 -0.000001 0.000000 -1.000000 -0.000001 0.000000 -1.000000 -0.000001 0.000000 -1.000000 -0.000001 0.000000 -1.000000 -0.000001 0.000000 -1.000000 -0.000001 0.000000 -1.000000 0.000000 0.000000 -1.000000 -0.000001 0.000000 -1.000000 -0.000001 0.000000 -1.000000 -0.000001 0.000000 -1.000000 0.000001 0.000000 -1.000000 0.000000 0.000000 0.000000 1.000000 -0.000000 0.000000 1.000000 -0.000000 0.000000 1.000000 -0.000000 0.000000 1.000000 -0.000000 0.000000 1.000000 -0.000000 0.000000 1.000000 -0.000000 -1.000000 -0.000000 -0.000001 -1.000000 -0.000000 0.000000 -1.000000 -0.000000 -0.000001 -1.000000 -0.000000 -0.000001 -1.000000 -0.000000 -0.000002 -1.000000 -0.000000 -0.000001 0.000000 -1.000000 0.000000 0.000000 -1.000000 0.000000 0.000000 -1.000000 0.000000 0.000000 -1.000000 0.000000 -0.000000 -1.000000 0.000000 0.000000 -1.000000 0.000000 1.000000 -0.000000 -0.000000 1.000000 -0.000000 -0.000000 1.000000 -0.000000 -0.000000 1.000000 -0.000000 -0.000000 1.000000 -0.000000 0.000000 1.000000 -0.000000 -0.000000 0.000758 -1.000000 -0.000003 0.000000 -1.000000 -0.000000 0.001757 -0.999998 0.000017 0.000758 -1.000000 -0.000003 0.001757 -0.999998 0.000017 0.000917 -1.000000 0.000001 0.000758 -1.000000 -0.000003 0.000917 -1.000000 0.000001 -0.000000 -1.000000 0.000000 -0.000655 -1.000000 0.000181 0.000000 -1.000000 -0.000000 -0.006285 -0.999980 -0.000004 -0.000655 -1.000000 0.000181 -0.006285 -0.999980 -0.000004 -0.008161 -0.999967 -0.000033 -0.000655 -1.000000 0.000181 -0.008161 -0.999967 -0.000033 0.000000 -1.000000 -0.000000 -1.000000 -0.000000 -0.000000 -1.000000 0.000002 -0.000000 -1.000000 -0.000001 0.000000 -1.000000 -0.000001 0.000000 -1.000000 -0.000002 0.000000 -1.000000 -0.000000 -0.000000 0.000000 1.000000 0.000000 0.000000 1.000000 0.000000 0.000000 1.000000 -0.000000 0.000000 1.000000 -0.000000 -0.000000 1.000000 -0.000000 0.000000 1.000000 0.000000 1.000000 -0.000043 -0.000000 1.000000 -0.000043 -0.000000 1.000000 -0.000043 -0.000000 1.000000 -0.000061 0.000000 1.000000 -0.000061 0.000000 1.000000 -0.000061 0.000000 -1.000000 0.000001 -0.000000 -1.000000 0.000004 -0.000000 -1.000000 -0.000001 -0.000000 -1.000000 -0.000001 -0.000000 -1.000000 -0.000000 0.000000 -1.000000 0.000001 -0.000000 -1.000000 0.000004 -0.000000 -1.000000 0.000001 -0.000000 -1.000000 0.000005 -0.000000 -1.000000 0.000004 -0.000000 -1.000000 0.000005 -0.000000 -1.000000 0.000005 -0.000000 -1.000000 0.000004 -0.000000 -1.000000 0.000005 -0.000000 -1.000000 0.000002 -0.000000 -1.000000 0.000004 -0.000000 -1.000000 0.000002 -0.000000 -1.000000 -0.000000 -0.000000 0.000000 1.000000 -0.000000 0.000000 1.000000 -0.000000 0.000000 1.000000 -0.000000 -0.000001 1.000000 -0.000002 -0.000001 1.000000 -0.000002 -0.000001 1.000000 -0.000002 0.000000 1.000000 -0.000000 -0.000000 1.000000 -0.000000 0.000000 1.000000 -0.000000 -0.000004 1.000000 0.000010 -0.000004 1.000000 0.000010 -0.000004 1.000000 0.000010 0.000000 1.000000 -0.000000 0.000000 1.000000 -0.000000 0.000000 1.000000 -0.000001 0.000000 1.000000 0.000000 0.000000 1.000000 -0.000000 0.000000 1.000000 0.000000 0.000000 1.000000 0.000000 0.000000 1.000000 0.000000 0.000000 1.000000 0.000000 -0.000002 1.000000 -0.000000 -0.000002 1.000000 -0.000000 -0.000002 1.000000 -0.000000 -1.000000 0.000000 -0.000000 -1.000000 0.000000 -0.000000 -1.000000 0.000000 -0.000000 -1.000000 0.000000 -0.000000 -1.000000 0.000000 -0.000000 -1.000000 0.000000 -0.000000 -1.000000 0.000000 -0.000000 -1.000000 0.000000 -0.000000 -1.000000 0.000000 -0.000000 -1.000000 0.000000 -0.000000 -1.000000 -0.000000 0.000000 -1.000000 0.000000 -0.000000 -1.000000 0.000001 0.000001 -1.000000 0.000000 0.000000 -1.000000 0.000001 0.000000 -1.000000 0.000001 0.000000 -1.000000 0.000001 0.000000 -1.000000 0.000001 0.000001 -1.000000 0.000001 0.000000 -1.000000 0.000001 0.000000 -1.000000 0.000000 -0.000000 -1.000000 0.000000 -0.000000 -1.000000 0.000000 -0.000000 -1.000000 0.000001 0.000000 1.000000 -0.000000 0.000001 1.000000 0.000000 -0.000000 1.000000 -0.000000 0.000001 1.000000 -0.000000 0.000001 1.000000 -0.000000 0.000002 1.000000 -0.000000 0.000001 -1.000000 0.000000 0.000000 -1.000000 -0.000000 0.000000 -1.000000 0.000000 0.000000 -1.000000 0.000000 0.000000 -1.000000 0.000001 0.000001 -1.000000 0.000000 0.000000 1.000000 0.000000 -0.000001 1.000000 0.000000 -0.000000 1.000000 0.000000 -0.000001 1.000000 0.000000 -0.000001 1.000000 0.000000 -0.000001 1.000000 0.000000 -0.000001 1.000000 -0.000000 -0.000000 1.000000 0.000000 -0.000000 1.000000 -0.000000 -0.000000 1.000000 -0.000000 -0.000000 1.000000 -0.000000 -0.000000 1.000000 -0.000000 -0.000000 -0.000001 1.000000 -0.000005 -0.000000 1.000000 -0.000001 -0.000001 1.000000 -0.000003 -0.000003 1.000000 0.000001 -0.000003 1.000000 0.000001 -0.000003 1.000000 0.000001 -0.000000 1.000000 -0.000001 -0.000000 1.000000 0.000000 -0.000001 1.000000 -0.000003 -0.000016 1.000000 -0.000019 -0.000016 1.000000 -0.000019 -0.000016 1.000000 -0.000019 -0.000000 1.000000 -0.000000 -0.000000 1.000000 -0.000000 -0.000001 1.000000 -0.000003 0.000002 1.000000 0.000008 0.000002 1.000000 0.000008 0.000002 1.000000 0.000008 -0.000000 1.000000 0.000002 -0.000000 1.000000 0.000002 -0.000000 1.000000 0.000002 -0.000000 1.000000 0.000000 -0.000000 1.000000 0.000000 -0.000000 1.000000 0.000000 -0.000001 -0.000000 1.000000 -0.000000 -0.000001 1.000000 -0.000000 -0.000001 1.000000 -0.000000 -0.000001 1.000000 -0.000001 0.000000 1.000000 -0.000001 -0.000000 1.000000 -0.000000 -0.000001 1.000000 -0.000000 -0.000001 1.000000 -0.000000 -0.000001 1.000000 -0.000000 -0.000001 1.000000 0.000000 -0.000001 1.000000 -0.000000 -0.000001 1.000000 -0.000000 -0.000000 1.000000 -0.000000 -0.000001 1.000000 0.000000 -0.000001 1.000000 0.000000 -0.000001 1.000000 0.000000 -0.000000 1.000000 -0.000000 -0.000000 1.000000 -0.000001 -0.000001 1.000000 -0.000000 -0.000000 1.000000 0.000000 -0.000000 1.000000 0.000000 -0.000000 1.000000 -0.000000 -0.000001 1.000000 -0.000001 -0.000001 1.000000 -0.000000 -0.000001 1.000000 -0.000001 -0.000001 1.000000 -0.000000 -0.000001 1.000000 -0.000000 -0.000001 1.000000 -0.000000 -0.000001 1.000000 -0.000000 -0.000001 1.000000 -0.000000 -0.000001 1.000000 -0.000000 -0.000001 1.000000 -0.000000 -0.000001 1.000000 -0.000000 -0.000001 1.000000 -0.000000 -0.000001 1.000000 -0.000000 -0.000001 1.000000 -0.000000 0.000001 1.000000 -0.000000 0.000000 1.000000 -0.000000 0.000000 1.000000 -0.000000 0.000000 1.000000 -0.000001 0.000001 1.000000 -0.000000 0.000001 1.000000 -0.000001 0.000001 1.000000 -0.000000 0.000001 1.000000 -0.000001 0.000001 1.000000 -0.000001 0.000001 1.000000 -0.000001 0.000001 1.000000 -0.000001 0.000001 1.000000 -0.000001 0.000000 1.000000 -0.000001 0.000001 1.000000 -0.000001 0.000001 1.000000 -0.000001 0.000001 1.000000 -0.000001 0.000001 1.000000 -0.000001 0.000000 1.000000 -0.000001 0.000001 1.000000 -0.000001 0.000000 1.000000 -0.000001 0.000001 1.000000 -0.000001 0.000001 1.000000 -0.000001 0.000001 1.000000 -0.000001 0.000001 1.000000 -0.000001 -0.000000 1.000000 -0.000001 0.000001 1.000000 -0.000001 0.000000 1.000000 -0.000001 0.000000 1.000000 -0.000001 -0.000000 1.000000 -0.000001 -0.000000 1.000000 -0.000000 0.000000 1.000000 -0.000001 -0.000000 1.000000 -0.000001 -0.000000 1.000000 -0.000001 -0.000000 1.000000 -0.000000 0.000000 1.000000 -0.000000 0.000000 1.000000 -0.000001 -0.000001 1.000000 -0.000000 0.000001 1.000000 -0.000000 0.000001 1.000000 -0.000000 0.000001 1.000000 0.000000 -0.000001 1.000000 -0.000001 -0.000001 1.000000 0.000000 -0.000001 1.000000 0.000000 -0.000001 1.000000 0.000000 -0.000001 1.000000 0.000000 -0.000001 1.000000 0.000000 -0.000001 1.000000 0.000000 -0.000001 1.000000 0.000000 -0.000001 1.000000 0.000000 -0.000001 1.000000 0.000000 -0.000001 1.000000 0.000000 -0.000001 1.000000 0.000000 -0.000001 1.000000 0.000000 -0.000001 1.000000 0.000000 -0.000001 1.000000 0.000000 -0.000001 1.000000 0.000000 -0.000001 1.000000 0.000000 -0.000001 1.000000 0.000000 -0.000001 1.000000 0.000000 -0.000001 1.000000 0.000000 -0.000001 1.000000 0.000000 -0.000001 1.000000 0.000000 -0.000001 1.000000 0.000000 -0.000001 1.000000 0.000001 -0.000000 1.000000 0.000000 -0.000001 1.000000 -0.000000 0.000001 1.000000 0.000000 -0.000001 1.000000 0.000001 -0.000000 1.000000 0.000001 -0.000000 1.000000 -0.000000 0.000001 1.000000 -0.000000 0.000001 1.000000 -0.000001 0.000001 1.000000 -0.000001 0.000000 1.000000 -0.000001 0.000001 1.000000 -0.000001 0.000001 1.000000 -0.000001 0.000001 1.000000 -0.000001 0.000001 1.000000 -0.000001 0.000001 1.000000 -0.000001 0.000001 1.000000 -0.000001 0.000001 1.000000 -0.000001 0.000001 1.000000 -0.000001 0.000000 1.000000 -0.000001 0.000001 1.000000 -0.000001 0.000000 1.000000 -0.000001 0.000001 1.000000 -0.000001 0.000000 1.000000 -0.000001 0.000000 1.000000 -0.000001 0.000001 1.000000 -0.000001 0.000000 1.000000 -0.000001 0.000001 1.000000 -0.000001 0.000000 1.000000 -0.000001 0.000001 1.000000 -0.000001 0.000001 1.000000 -0.000001 0.000001 1.000000 -0.000001 0.000001 1.000000 -0.000001 0.000001 1.000000 -0.000001 0.000001 1.000000 -0.000001 0.000001 1.000000 -0.000001 0.000001 1.000000 -0.000001 0.000001 1.000000 -0.000001 0.000001 1.000000 -0.000001 0.000000 1.000000 -0.000001 0.000001 1.000000 -0.000001 0.000001 1.000000 -0.000001 0.000001 1.000000 -0.000001 0.000001 1.000000 -0.000001 0.000000 1.000000 0.000000 0.000001 1.000000 -0.000000 -0.000000 1.000000 -0.000000 -0.000000 1.000000 -0.000000 -0.000000 1.000000 -0.000001 0.000001 1.000000 0.000000 0.000001 1.000000 -0.000001 0.000000 1.000000 -0.000000 0.000001 1.000000 -0.000001 0.000001 1.000000 -0.000001 0.000001 1.000000 -0.000001 0.000000 1.000000 -0.000001 0.000000 1.000000 0.000000 0.000000 1.000000 -0.000001 0.000000 1.000000 -0.000001 0.000000 1.000000 -0.000001 0.000000 1.000000 0.000000 0.000001 1.000000 0.000000 0.000000 1.000000 0.000000 0.000000 1.000000 0.000000 0.000000 1.000000 0.000000 0.000001 1.000000 0.000000 0.000001 1.000000 -0.000000 0.000001 1.000000 0.000000 0.000000 1.000000 -0.000001 0.000000 1.000000 0.000000 0.000000 1.000000 -0.000000 0.000001 1.000000 -0.000000 0.000001 1.000000 -0.000001 0.000000 1.000000 -0.000001 0.000000 1.000000 -0.000000 -0.000000 1.000000 -0.000001 0.000000 1.000000 -0.000001 0.000000 1.000000 -0.000001 0.000000 1.000000 -0.000000 -0.000000 1.000000 -0.000000 -0.000000 1.000000 -0.000000 0.000001 1.000000 0.000001 -0.000000 1.000000 0.000001 0.000000 1.000000 0.000001 0.000000 1.000000 -0.000001 0.000001 1.000000 -0.000000 0.000001 1.000000 -0.000001 -0.000000 1.000000 -0.000001 -0.000000 1.000000 -0.000001 -0.000000 1.000000 -0.000001 -0.000000 1.000000 -0.000001 0.000000 1.000000 -0.000001 -0.000000 1.000000 -0.000001 -0.000000 1.000000 -0.000001 -0.000000 1.000000 -0.000001 0.000000 1.000000 -0.000001 0.000000 1.000000 -0.000001 0.000000 1.000000 -0.000001 -0.000000 1.000000 -0.000001 0.000001 1.000000 -0.000001 -0.000000 1.000000 -0.000001 0.000000 1.000000 -0.000001 0.000000 1.000000 -0.000001 0.000000 1.000000 -0.000001 0.000001 1.000000 -0.000001 0.000000 1.000000 -0.000001 0.000001 1.000000 -0.000001 0.000000 1.000000 -0.000001 0.000000 1.000000 -0.000001 -0.000001 1.000000 -0.000001 0.000000 1.000000 0.000001 -0.000000 1.000000 -0.000001 0.000000 1.000000 -0.000001 -0.000001 1.000000 -0.000001 -0.000001 1.000000 0.000001 0.000000 1.000000 0.000001 -0.000000 1.000000 -0.000000 -0.000001 1.000000 -0.000000 0.000001 1.000000 -0.000000 0.000001 1.000000 -0.000000 0.000001 1.000000 0.000000 -0.000001 1.000000 -0.000000 -0.000001 1.000000 0.000000 -0.000001 1.000000 -0.000000 -0.000001 1.000000 0.000000 -0.000001 1.000000 0.000000 -0.000001 1.000000 0.000001 -0.000001 1.000000 0.000000 -0.000001 1.000000 -0.000000 -0.000000 1.000000 0.000000 -0.000001 1.000000 0.000001 -0.000001 1.000000 0.000001 -0.000001 1.000000 -0.000000 0.000000 1.000000 -0.000000 -0.000000 1.000000 -0.000001 -0.000001 1.000000 -0.000000 -0.000000 1.000000 -0.000000 0.000000 1.000000 -0.000000 0.000000 1.000000 -0.000001 -0.000001 1.000000 -0.000001 -0.000001 1.000000 0.000001 -0.000001 1.000000 0.000000 -0.000001 1.000000 0.000000 -0.000001 1.000000 0.000000 -0.000001 1.000000 0.000001 -0.000000 1.000000 0.000001 -0.000001 1.000000 -0.000000 0.000001 1.000000 0.000001 -0.000001 1.000000 0.000001 -0.000000 1.000000 0.000001 -0.000000 1.000000 -0.000000 0.000001 1.000000 -0.000000 0.000001 1.000000 0.000001 -0.000001 1.000000 0.000000 -0.000000 1.000000 0.000001 -0.000001 1.000000 0.000001 -0.000001 1.000000 0.000001 -0.000000 1.000000 0.000001 -0.000001 1.000000 0.000001 -0.000001 1.000000 0.000001 -0.000001 1.000000 0.000001 -0.000000 1.000000 0.000001 -0.000000 1.000000 0.000000 -0.000001 1.000000 0.000001 -0.000001 1.000000 0.000000 -0.000001 1.000000 0.000001 -0.000001 1.000000 0.000000 -0.000001 1.000000 0.000000 -0.000001 1.000000 0.000001 -0.000001 1.000000 0.000000 -0.000001 1.000000 0.000000 -0.000001 1.000000 0.000000 -0.000001 1.000000 0.000001 -0.000001 1.000000 0.000001 -0.000001 1.000000 0.000001 -0.000001 1.000000 0.000000 -0.000001 1.000000 0.000001 0.000001 1.000000 0.000001 -0.000001 1.000000 0.000002 -0.000000 1.000000 0.000002 -0.000000 1.000000 0.000001 0.000001 1.000000 0.000001 0.000001 1.000000 0.000000 -0.000000 1.000000 0.000001 0.000001 1.000000 0.000001 0.000001 1.000000 0.000001 0.000001 1.000000 0.000001 -0.000001 1.000000 0.000000 -0.000000 1.000000 -0.000000 0.000000 1.000000 -0.000000 0.000000 1.000000 -0.000000 0.000000 1.000000 -0.000000 0.000000 1.000000 -0.000000 0.000000 1.000000 -0.000000 0.000000 1.000000 -0.000000 0.000000 1.000000 -0.000000 0.000000 1.000000 -0.000000 0.000000 1.000000 -0.000000 0.000000 1.000000 -0.000001 -0.000001 1.000000 -0.000000 0.000000 1.000000 0.000001 -0.000002 1.000000 -0.000000 0.000000 1.000000 -0.000001 -0.000001 1.000000 -0.000001 -0.000001 1.000000 0.000001 -0.000002 1.000000 0.000001 -0.000002 1.000000 0.000001 0.000001 1.000000 0.000001 -0.000002 1.000000 0.000001 -0.000002 1.000000 0.000001 -0.000002 1.000000 -0.000001 0.000001 1.000000 0.000001 0.000001 1.000000 -0.000000 0.000001 1.000000 0.000001 0.000001 1.000000 -0.000001 0.000001 1.000000 -0.000001 0.000001 1.000000 -0.000000 0.000000 1.000000 -0.000000 0.000001 1.000000 -0.000000 0.000000 1.000000 -0.000000 0.000001 1.000000 -0.000000 0.000000 1.000000 -0.000000 0.000000 1.000000 -0.000000 0.000000 1.000000 -0.000000 0.000000 1.000000 0.000000 0.000000 1.000000 -0.000000 0.000000 1.000000 0.000000 0.000000 1.000000 0.000000 0.000000 1.000000 -0.000000 0.000001 1.000000 0.000000 0.000000 1.000000 -0.000001 0.000000 1.000000 0.000000 0.000000 1.000000 -0.000001 0.000001 1.000000 -0.000001 0.000001 1.000000 -0.000001 0.000000 1.000000 -0.000001 0.000000 1.000000 -0.000001 0.000000 1.000000 -0.000001 0.000000 1.000000 -0.000001 0.000000 1.000000 -0.000001 0.000000 1.000000 0.000000 0.000000 1.000000 -0.000001 0.000000 1.000000 -0.000000 0.000000 1.000000 -0.000001 0.000000 1.000000 0.000000 0.000000 1.000000 0.000000 0.000000 1.000000 -0.000000 0.000001 1.000000 -0.000000 0.000000 1.000000 -0.000000 0.000000 1.000000 -0.000000 0.000000 1.000000 -0.000000 0.000001 1.000000 -0.000000 0.000001 1.000000 -0.000000 0.000000 1.000000 -0.000000 0.000000 1.000000 -0.000000 0.000000 1.000000 -0.000000 0.000000 1.000000 -0.000000 0.000000 1.000000 -0.000000 0.000000 1.000000 0.000000 0.000000 1.000000 -0.000000 0.000000 1.000000 -0.000001 0.000000 1.000000 -0.000000 0.000000 1.000000 -0.000000 0.000000 1.000000 -0.000000 0.000000 1.000000 -0.000001 0.000000 1.000000 -0.000001 0.000000 1.000000 -0.000000 0.000000 1.000000 -0.000001 0.000000 1.000000 -0.000001 0.000000 1.000000 -0.000001 0.000000 1.000000 -0.000000 0.000000 1.000000 -0.000000 0.000000 1.000000 -0.000000 0.000000 1.000000 -0.000000 0.000000 1.000000 -0.000000 0.000000 1.000000 -0.000000 0.000000 1.000000 -0.000000 0.000000 1.000000 -0.000000 0.000000 1.000000 -0.000001 0.000001 1.000000 -0.000000 0.000000 1.000000 -0.000000 0.000000 1.000000 -0.000000 0.000000 1.000000 -0.000001 0.000001 1.000000 -0.000001 0.000001 1.000000 -0.000001 0.000001 1.000000 -0.000001 0.000001 1.000000 -0.000001 0.000001 1.000000 -0.000001 0.000001 1.000000 -0.000000 0.000000 1.000000 -0.000001 0.000001 1.000000 -0.000000 0.000000 1.000000 -0.000001 0.000001 1.000000 -0.000000 0.000000 1.000000 -0.000000 0.000000 1.000000 -0.000000 0.000000 1.000000 -0.000000 0.000000 1.000000 -0.000000 -0.000000 1.000000 0.000000 -0.000000 1.000000 -0.000000 -0.000000 1.000000 -0.000000 -0.000000 1.000000 -0.000000 -0.000001 1.000000 -0.000000 -0.000000 1.000000 0.000000 -0.000001 1.000000 -0.000000 -0.000000 1.000000 0.000000 -0.000001 1.000000 0.000000 -0.000001 1.000000 0.000000 -0.000000 1.000000 0.000000 -0.000001 1.000000 0.000000 -0.000000 1.000000 0.000000 -0.000001 1.000000 0.000000 -0.000000 1.000000 0.000000 -0.000000 1.000000 -0.000000 -0.000001 1.000000 0.000000 -0.000000 1.000000 0.000000 -0.000001 1.000000 0.000000 -0.000000 1.000000 -0.000000 -0.000001 1.000000 -0.000000 -0.000001 1.000000 0.000000 -0.000001 1.000000 0.000000 -0.000001 1.000000 0.000001 -0.000001 1.000000 0.000000 -0.000001 1.000000 0.000000 -0.000001 1.000000 0.000000 -0.000001 1.000000 0.000000 -0.000001 1.000000 0.000001 -0.000001 1.000000 0.000000 -0.000000 1.000000 0.000001 -0.000001 1.000000 0.000000 -0.000001 1.000000 0.000000 -0.000001 1.000000 -0.000000 -0.000000 1.000000 0.000000 -0.000000 1.000000 0.000000 -0.000000 1.000000 0.000000 -0.000000 1.000000 0.000000 -0.000000 1.000000 0.000000 -0.000000 1.000000 0.000000 -0.000000 1.000000 0.000000 -0.000000 1.000000 0.000000 -0.000000 1.000000 0.000000 -0.000000 1.000000 0.000000 -0.000000 1.000000 0.000000 -0.000000 1.000000 0.000000 -0.000000 1.000000 0.000000 -0.000000 1.000000 0.000000 -0.000000 1.000000 0.000000 -0.000000 1.000000 0.000000 -0.000000 1.000000 0.000000 -0.000000 1.000000 0.000000 0.000000 1.000000 0.000000 -0.000000 1.000000 0.000001 0.000001 1.000000 0.000000 -0.000000 1.000000 0.000000 0.000000 1.000000 0.000000 0.000000 1.000000 0.000000 0.000001 1.000000 0.000001 0.000001 1.000000 0.000000 0.000000 1.000000 0.000001 0.000001 1.000000 0.000000 0.000001 1.000000 0.000000 0.000001 1.000000 0.000000 -0.000000 1.000000 0.000000 0.000000 1.000000 0.000000 -0.000000 1.000000 0.000001 0.000000 1.000000 0.000000 0.000000 1.000000 0.000000 0.000000 1.000000 0.000000 -0.000000 1.000000 0.000000 -0.000000 1.000000 0.000000 -0.000000 1.000000 0.000000 -0.000001 1.000000 0.000000 -0.000001 1.000000 0.000000 -0.000001 1.000000 -0.000000 -0.000000 1.000000 0.000000 -0.000000 1.000000 -0.000000 -0.000000 1.000000 0.000000 -0.000000 1.000000 -0.000000 -0.000000 1.000000 -0.000000 -0.000000 1.000000 0.000000 -0.000001 1.000000 -0.000000 -0.000000 1.000000 -0.000000 0.000001 1.000000 -0.000000 -0.000000 1.000000 0.000001 0.000000 1.000000 0.000001 0.000000 1.000000 0.000000 0.000001 1.000000 -0.000000 0.000001 1.000000 -0.000001 0.000000 1.000000 -0.000000 0.000001 1.000000 0.000000 0.000001 1.000000 0.000000 0.000001 1.000000 -0.000000 -0.000000 1.000000 -0.000001 0.000000 1.000000 -0.000000 -0.000000 1.000000 -0.000001 0.000000 1.000000 -0.000000 -0.000000 1.000000 -0.000000 -0.000000 1.000000 0.000000 -0.000000 1.000000 -0.000000 -0.000000 1.000000 0.000000 -0.000001 1.000000 -0.000000 -0.000000 1.000000 0.000000 -0.000000 1.000000 0.000000 -0.000000 1.000000 0.000000 -0.000001 1.000000 0.000000 -0.000001 1.000000 0.000001 0.000001 1.000000 -0.000000 0.000000 1.000000 0.000000 0.000000 1.000000 0.000000 0.000000 1.000000 0.000001 0.000001 1.000000 0.000001 0.000001 1.000000 0.000001 0.000001 1.000000 0.000001 0.000001 1.000000 0.000001 0.000001 1.000000 0.000001 0.000001 1.000000 -0.000001 0.000001 1.000000 0.000001 0.000001 1.000000 -0.000002 -0.000001 1.000000 0.000001 0.000001 1.000000 -0.000001 0.000001 1.000000 -0.000001 0.000001 1.000000 -0.000002 -0.000002 1.000000 -0.000002 -0.000001 1.000000 0.000000 -0.000001 1.000000 -0.000002 -0.000001 1.000000 -0.000002 -0.000002 1.000000 -0.000002 -0.000002 1.000000 0.000000 0.000002 1.000000 0.000000 -0.000001 1.000000 -0.000002 0.000001 1.000000 0.000000 -0.000001 1.000000 0.000000 0.000002 1.000000 0.000000 0.000002 1.000000 -0.000002 0.000001 1.000000 -0.000002 0.000001 1.000000 -0.000001 -0.000001 1.000000 -0.000002 0.000001 1.000000 -0.000002 0.000001 1.000000 -0.000002 0.000001 1.000000 0.000000 -0.000000 1.000000 -0.000001 -0.000001 1.000000 0.000000 -0.000000 1.000000 0.000000 -0.000000 1.000000 0.000000 -0.000000 1.000000 0.000000 -0.000000 1.000000 0.000001 -0.000001 1.000000 0.000000 -0.000000 1.000000 0.000001 0.000000 1.000000 0.000000 -0.000000 1.000000 0.000001 -0.000000 1.000000 0.000001 -0.000000 1.000000 0.000001 0.000000 1.000000 0.000001 0.000000 1.000000 0.000000 0.000000 1.000000 0.000001 0.000000 1.000000 0.000001 0.000000 1.000000 0.000001 0.000000 1.000000 0.000000 -0.000000 1.000000 0.000000 0.000000 1.000000 0.000000 -0.000000 1.000000 0.000000 0.000000 1.000000 0.000000 -0.000000 1.000000 0.000000 -0.000000 1.000000 0.000000 -0.000000 1.000000 0.000000 -0.000000 1.000000 0.000000 -0.000000 1.000000 0.000000 -0.000000 1.000000 0.000000 -0.000000 1.000000 0.000000 -0.000000 1.000000 0.000000 0.000000 1.000000 0.000000 -0.000000 1.000000 0.000000 -0.000000 1.000000 0.000000 -0.000000 1.000000 0.000000 0.000000 1.000000 0.000000 0.000000 1.000000 0.000000 -0.000000 1.000000 0.000000 -0.000000 1.000000 0.000001 0.000000 1.000000 0.000000 0.000000 1.000000 0.000000 -0.000000 1.000000 0.000000 -0.000000 1.000000 0.000001 0.000000 1.000000 0.000001 0.000000 1.000000 0.000001 0.000000 1.000000 0.000001 0.000000 1.000000 0.000001 0.000000 1.000000 0.000001 0.000000 1.000000 0.000001 0.000000 1.000000 0.000001 0.000000 1.000000 0.000000 0.000000 1.000000 0.000001 0.000000 1.000000 0.000001 0.000000 1.000000 0.000001 0.000000 1.000000 0.000000 -0.000000 1.000000 0.000000 0.000000 1.000000 0.000000 0.000000 1.000000 0.000000 0.000000 1.000000 0.000000 -0.000000 1.000000 0.000000 -0.000000 1.000000 0.000000 0.000000 1.000000 0.000000 0.000000 1.000000 0.000000 0.000000 1.000000 0.000000 0.000000 1.000000 0.000000 0.000000 1.000000 0.000000 0.000000 1.000000 0.000000 0.000000 1.000000 0.000000 0.000000 1.000000 0.000000 0.000000 1.000000 0.000000 0.000000 1.000000 0.000000 0.000000 1.000000 0.000000 0.000000 1.000000 0.000000 -0.000000 1.000000 0.000000 0.000000 1.000000 0.000001 0.000000 1.000000 0.000000 -0.000000 1.000000 0.000001 0.000000 1.000000 0.000001 0.000000 1.000000 0.000001 0.000000 1.000000 0.000001 0.000000 1.000000 0.000001 0.000000 1.000000 0.000001 0.000000 1.000000 0.000001 0.000000 1.000000 0.000001 0.000000 1.000000 0.000001 0.000000 1.000000 0.000001 0.000000 1.000000 0.000001 0.000000 1.000000 0.000001 0.000000 1.000000 0.000001 0.000000 1.000000 0.000001 0.000000 1.000000 0.000000 -0.000000 1.000000 0.000001 0.000000 1.000000 0.000000 -0.000000 1.000000 0.000000 0.000000 1.000000 0.000000 -0.000000 1.000000 0.000000 -0.000000 1.000000 0.000000 0.000000 1.000000 0.000000 -0.000000 1.000000 0.000000 -0.000000 1.000000 0.000000 -0.000000 1.000000 0.000000 0.000000 1.000000 0.000000 0.000000 1.000000 0.000000 -0.000000 1.000000 0.000000 -0.000000 1.000000 0.000000 -0.000000 1.000000 0.000000 -0.000000 1.000000 0.000000 -0.000000 1.000000 0.000000 -0.000000 1.000000 0.000001 0.000000 1.000000 0.000000 -0.000000 1.000000 -0.000000 -0.000000 1.000000 -0.000000 -0.000000 1.000000 -0.000000 -0.000000 1.000000 -0.000000 -0.000000 1.000000 -0.000000 -0.000000 1.000000 -0.000000 -0.000000 1.000000 -0.000000 -0.000000 1.000000 -0.000000 -0.000000 1.000000 -0.000000 -0.000000 1.000000 -0.000000 -0.000000 1.000000 -0.000000 -0.000000 1.000000 -0.000000 -0.000000 1.000000 -0.000000 -0.000000 1.000000 -0.000000 -0.000000 1.000000 -0.000000 -0.000000 1.000000 -0.000000 -0.000000 1.000000 -0.000000 -0.000000 1.000000 -0.000000 -0.000000 1.000000 -0.000000 -0.000000 1.000000 -0.000000 -0.000000 1.000000 -0.000000 -0.000000 1.000000 -0.000000 -0.000000 1.000000 -0.000001 -0.000001 1.000000 -0.000000 -0.000000 1.000000 -0.000000 -0.000001 1.000000 -0.000000 -0.000000 1.000000 -0.000001 -0.000001 1.000000 -0.000001 -0.000001 1.000000 -0.000000 -0.000000 1.000000 -0.000000 -0.000001 1.000000 -0.000000 -0.000000 1.000000 -0.000000 -0.000001 1.000000 -0.000000 -0.000000 1.000000 -0.000000 -0.000000 1.000000 -0.000000 -0.000000 1.000000 -0.000000 -0.000000 1.000000 -0.000000 -0.000000 1.000000 -0.000000 -0.000000 1.000000 -0.000000 -0.000000 1.000000 -0.000000 -0.000000 1.000000 -0.000000 -0.000000 1.000000 -0.000000 -0.000000 1.000000 -0.000000 -0.000000 1.000000 -0.000000 -0.000000 1.000000 -0.000000 -0.000000 1.000000 -0.000000 -0.000000 1.000000 -0.000000 -0.000000 1.000000 -0.000000 -0.000000 1.000000 -0.000000 -0.000000 1.000000 -0.000000 -0.000000 1.000000 -0.000000 -0.000000 1.000000 -0.000000 -0.000000 1.000000 -0.000000 -0.000000 1.000000 -0.000000 -0.000000 1.000000 -0.000000 -0.000000 1.000000 -0.000000 -0.000000 1.000000 -0.000000 -0.000000 1.000000 -0.000000 -0.000000 1.000000 -0.000000 -0.000000 1.000000 -0.000000 -0.000000 1.000000 -0.000000 -0.000000 1.000000 -0.000000 -0.000000 1.000000 -0.000000 -0.000000 1.000000 -0.000000 -0.000000 1.000000 -0.000000 -0.000000 1.000000 -0.000000 -0.000000 1.000000 -0.000000 -0.000000 1.000000 -0.000000 -0.000000 1.000000 -0.000000 -0.000000 1.000000 -0.000000 -0.000000 1.000000 -0.000000 -0.000000 1.000000 -0.000000 -0.000000 1.000000 1.000000 0.000000 0.000001 1.000000 0.000000 0.000001 1.000000 0.000000 0.000001 1.000000 0.000000 0.000001 1.000000 0.000000 0.000001 1.000000 0.000000 0.000001 0.000000 1.000000 -0.000000 -0.000000 1.000000 -0.000000 -0.000000 1.000000 -0.000000 -0.000000 1.000000 -0.000000 0.000000 1.000000 -0.000000 0.000000 1.000000 -0.000000 -1.000000 -0.000000 -0.000001 -1.000000 0.000000 -0.000001 -1.000000 -0.000000 -0.000001 -1.000000 -0.000000 -0.000001 -1.000000 -0.000000 -0.000001 -1.000000 -0.000000 -0.000001 0.000000 -1.000000 -0.000000 -0.000000 -1.000000 -0.000000 0.000000 -1.000000 -0.000000 0.000000 -1.000000 -0.000000 0.000000 -1.000000 -0.000000 0.000000 -1.000000 -0.000000 1.000000 0.000000 -0.000000 1.000000 0.000000 -0.000001 1.000000 0.000000 -0.000000 1.000000 0.000000 -0.000000 1.000000 0.000000 0.000001 1.000000 0.000000 -0.000000 0.000000 1.000000 -0.000000 0.000000 1.000000 -0.000000 0.000000 1.000000 -0.000000 0.000000 1.000000 -0.000000 -0.000000 1.000000 -0.000000 0.000000 1.000000 -0.000000 1.000000 0.000001 -0.000000 1.000000 0.000001 -0.000000 1.000000 0.000001 -0.000000 1.000000 -0.000000 0.000001 1.000000 -0.000000 0.000001 1.000000 -0.000000 0.000001 0.000000 -1.000000 -0.000000 0.000000 -1.000000 -0.000000 0.000000 -1.000000 -0.000000 0.000000 -1.000000 -0.000000 -0.000000 -1.000000 -0.000000 0.000000 -1.000000 -0.000000 -1.000000 0.000000 -0.000000 -1.000000 0.000000 -0.000001 -1.000000 0.000000 -0.000000 -1.000000 0.000000 -0.000000 -1.000000 0.000000 0.000001 -1.000000 0.000000 -0.000000 0.000000 1.000000 -0.000000 0.000000 1.000000 -0.000000 0.000000 1.000000 -0.000000 0.000000 1.000000 -0.000000 0.000000 1.000000 -0.000000 0.000000 1.000000 -0.000000 1.000000 -0.000000 0.000000 1.000000 -0.000000 0.000000 1.000000 -0.000000 0.000000 1.000000 0.000002 -0.000000 1.000000 0.000002 -0.000000 1.000000 0.000002 -0.000000 0.000000 -1.000000 -0.000000 0.000000 -1.000000 -0.000000 0.000000 -1.000000 -0.000000 0.000000 -1.000000 -0.000000 0.000000 -1.000000 -0.000000 0.000000 -1.000000 -0.000000 -1.000000 0.000000 -0.000000 -1.000000 0.000000 -0.000000 -1.000000 0.000000 -0.000000 -1.000000 0.000000 -0.000001 -1.000000 0.000000 -0.000001 -1.000000 0.000000 -0.000001 0.000000 1.000000 -0.000000 -0.000000 1.000000 -0.000000 0.000000 1.000000 -0.000000 0.000000 1.000000 -0.000000 0.000000 1.000000 -0.000000 0.000000 1.000000 -0.000000 1.000000 0.000003 0.000001 1.000000 0.000003 0.000001 1.000000 0.000003 0.000001 1.000000 0.000001 -0.000001 1.000000 0.000001 -0.000001 1.000000 0.000001 -0.000001 0.000000 -1.000000 -0.000000 -0.000000 -1.000000 0.000000 0.000000 -1.000000 -0.000000 0.000000 -1.000000 -0.000000 0.000000 -1.000000 -0.000000 0.000000 -1.000000 -0.000000 -1.000000 0.000002 -0.000002 -1.000000 0.000002 -0.000002 -1.000000 0.000002 -0.000002 -1.000000 0.000002 0.000001 -1.000000 0.000002 0.000001 -1.000000 0.000002 0.000001 -0.000000 1.000000 -0.000000 -0.000000 1.000000 -0.000000 -0.000000 1.000000 -0.000000 -0.000000 1.000000 -0.000000 -0.000000 1.000000 0.000000 -0.000000 1.000000 -0.000000 1.000000 0.000000 -0.000002 1.000000 0.000000 -0.000002 1.000000 0.000000 -0.000002 1.000000 -0.000000 -0.000000 1.000000 -0.000000 -0.000000 1.000000 -0.000000 -0.000000 0.000000 -1.000000 -0.000000 0.000000 -1.000000 -0.000000 0.000000 -1.000000 0.000000 -0.000000 -1.000000 -0.000000 -0.000000 -1.000000 0.000000 -0.000000 -1.000000 0.000000 -1.000000 0.000000 -0.000004 -1.000000 0.000000 -0.000004 -1.000000 0.000000 -0.000004 -1.000000 0.000000 -0.000004 -1.000000 0.000000 -0.000004 -1.000000 0.000000 -0.000004 -1.000000 0.000000 0.000000 -1.000000 0.000000 0.000000 -1.000000 0.000000 0.000000 -1.000000 0.000000 0.000000 -1.000000 -0.000000 0.000000 -1.000000 0.000000 0.000000 0.000000 -1.000000 0.000000 -0.000000 -1.000000 0.000000 0.000000 -1.000000 0.000000 0.000000 -1.000000 0.000000 0.000000 -1.000000 0.000000 0.000000 -1.000000 0.000000 1.000000 0.000000 0.000000 1.000000 0.000000 -0.000000 1.000000 0.000000 0.000000 1.000000 0.000000 0.000000 1.000000 0.000000 0.000001 1.000000 0.000000 0.000000 0.000000 1.000000 0.000000 0.000000 1.000000 0.000000 0.000000 1.000000 0.000000 0.000000 1.000000 0.000000 0.000000 1.000000 -0.000000 0.000000 1.000000 0.000000 -1.000000 0.000000 0.000000 -1.000000 0.000000 0.000000 -1.000000 0.000000 0.000000 -1.000000 0.000000 0.000000 -1.000000 0.000000 0.000000 -1.000000 0.000000 0.000000 0.000000 -1.000000 -0.000000 0.000001 -1.000000 -0.000000 0.000000 -1.000000 -0.000000 0.000000 -1.000000 -0.000000 0.000000 -1.000000 -0.000000 0.000000 -1.000000 0.000000 0.000000 -1.000000 -0.000000 0.000000 -1.000000 0.000000 0.000001 -1.000000 -0.000000 0.000001 -1.000000 -0.000000 0.000001 -1.000000 -0.000000 0.000001 -1.000000 -0.000000 0.000001 -1.000000 -0.000000 0.000001 -1.000000 -0.000000 0.000000 -1.000000 0.000000 0.000000 -1.000000 -0.000000 0.000001 -1.000000 -0.000000 0.000000 -1.000000 0.000000 0.000001 -1.000000 -0.000000 0.000001 -1.000000 -0.000000 0.000001 -1.000000 0.000000 0.000001 -1.000000 0.000000 0.000001 -1.000000 0.000000 0.000001 -1.000000 -0.000000 1.000000 0.000000 0.000001 1.000000 0.000000 0.000001 1.000000 0.000000 0.000001 0.000000 -1.000000 -0.000000 -0.000001 -1.000000 0.000000 -0.000000 -1.000000 0.000000 -0.000000 -1.000000 0.000000 0.000001 -1.000000 -0.000000 0.000000 -1.000000 -0.000000 -1.000000 -0.000000 0.000000 -1.000000 -0.000000 0.000000 -1.000000 -0.000000 0.000000 -1.000000 -0.000000 0.000000 -1.000000 -0.000000 0.000000 -1.000000 -0.000000 0.000000 -1.000000 -0.000000 0.000000 -1.000000 -0.000000 0.000000 -1.000000 -0.000000 0.000000 -0.000001 1.000000 0.000000 -0.000001 1.000000 0.000000 -0.000001 1.000000 0.000000 -0.000001 1.000000 0.000000 -0.000001 1.000000 0.000000 -0.000001 1.000000 0.000000 1.000000 0.000000 0.000000 1.000000 0.000000 -0.000000 1.000000 0.000000 0.000000 1.000000 0.000000 0.000000 1.000000 0.000000 0.000001 1.000000 0.000000 0.000000 -0.000000 -1.000000 -0.000000 -0.000000 -1.000000 -0.000000 -0.000000 -1.000000 -0.000000 -0.000000 -1.000000 -0.000000 -0.000000 -1.000000 -0.000000 -0.000000 -1.000000 -0.000000 0.000003 -1.000000 0.000005 0.000027 -1.000000 0.000005 0.000003 -1.000000 0.000005 0.000003 -1.000000 0.000005 -0.000021 -1.000000 0.000005 0.000003 -1.000000 0.000005 -0.000001 -1.000000 0.000000 -0.000002 -1.000000 -0.000000 -0.000001 -1.000000 -0.000000 -0.000001 -1.000000 -0.000000 0.000001 -1.000000 0.000000 0.000000 -1.000000 0.000000 -0.000001 -1.000000 0.000000 -0.000001 -1.000000 -0.000000 0.000000 -1.000000 0.000000 -0.000006 -1.000000 -0.000005 0.000022 -1.000000 -0.000005 -0.000006 -1.000000 -0.000005 -0.000006 -1.000000 -0.000005 -0.000034 -1.000000 -0.000005 -0.000006 -1.000000 -0.000005 0.000001 -1.000000 -0.000000 0.000002 -1.000000 0.000000 0.000001 -1.000000 -0.000000 0.000001 -1.000000 -0.000000 -0.000000 -1.000000 0.000000 0.000000 -1.000000 0.000000 0.000001 -1.000000 -0.000000 0.000001 -1.000000 -0.000000 0.000000 -1.000000 0.000000 0.000022 -1.000000 0.000005 -0.000045 -1.000000 0.000005 0.000022 -1.000000 0.000005 0.000022 -1.000000 0.000005 0.000088 -1.000000 0.000005 0.000022 -1.000000 0.000005 0.000000 -1.000000 0.000000 0.000000 -1.000000 -0.000000 0.000000 -1.000000 0.000000 0.000000 -1.000000 0.000000 0.000001 -1.000000 -0.000000 0.000000 -1.000000 0.000000 -0.000025 -1.000000 -0.000005 -0.000089 -1.000000 -0.000005 -0.000025 -1.000000 -0.000005 -0.000025 -1.000000 -0.000005 0.000039 -1.000000 -0.000005 -0.000025 -1.000000 -0.000005 -0.000000 -1.000000 -0.000000 -0.000001 -1.000000 -0.000000 -0.000000 -1.000000 0.000000 -0.000000 -1.000000 0.000000 0.000000 -1.000000 -0.000000 -0.000000 -1.000000 -0.000000 -0.049554 -0.000002 0.998771 -0.049554 0.000002 0.998771 -0.049554 -0.000002 0.998771 -0.049554 -0.000002 0.998771 -0.049554 -0.000006 0.998771 -0.049554 -0.000002 0.998771 -0.000001 -0.049553 0.998771 0.000005 -0.049553 0.998771 -0.000001 -0.049553 0.998771 -0.000001 -0.049553 0.998771 -0.000008 -0.049554 0.998771 -0.000001 -0.049553 0.998771 0.049554 0.000002 0.998771 0.049554 0.000001 0.998771 0.049554 0.000002 0.998771 0.049554 0.000002 0.998771 0.049554 0.000003 0.998771 0.049554 0.000002 0.998771 0.000001 0.049553 0.998771 0.000001 0.049553 0.998771 0.000001 0.049553 0.998771 0.000001 0.049553 0.998771 0.000002 0.049553 0.998771 0.000001 0.049553 0.998771 -0.000000 0.000000 1.000000 -0.000000 0.000000 1.000000 -0.000000 0.000000 1.000000 -0.000000 0.000000 1.000000 -0.000000 0.000000 1.000000 -0.000000 0.000000 1.000000 -0.000000 -0.000000 1.000000 -0.000000 -0.000000 1.000000 -0.000000 -0.000000 1.000000 -0.000000 -0.000000 1.000000 -0.000000 -0.000000 1.000000 -0.000000 -0.000000 1.000000 0.000000 -0.000000 1.000000 0.000000 -0.000000 1.000000 0.000000 -0.000000 1.000000 0.000000 -0.000000 1.000000 0.000000 -0.000000 1.000000 0.000000 -0.000000 1.000000 0.000000 0.000000 1.000000 0.000000 0.000000 1.000000 0.000000 0.000000 1.000000 0.000000 0.000000 1.000000 0.000000 0.000000 1.000000 0.000000 0.000000 1.000000 -0.280328 0.000031 0.959904 -0.280328 0.000031 0.959904 -0.280328 0.000031 0.959904 -0.280327 -0.000019 0.959905 -0.280327 -0.000019 0.959905 -0.280327 -0.000019 0.959905 -0.000016 -0.280327 0.959905 0.000037 -0.280327 0.959905 -0.000016 -0.280327 0.959905 -0.000016 -0.280327 0.959905 -0.000069 -0.280327 0.959905 -0.000016 -0.280327 0.959905 0.280327 -0.000010 0.959905 0.280327 -0.000018 0.959905 0.280327 -0.000010 0.959905 0.280327 -0.000010 0.959905 0.280327 -0.000002 0.959905 0.280327 -0.000010 0.959905 -0.000004 0.280320 0.959907 -0.000004 0.280320 0.959907 -0.000004 0.280320 0.959907 -0.000018 0.280322 0.959906 -0.000018 0.280322 0.959906 -0.000018 0.280322 0.959906 -1.000000 0.000002 -0.000000 -1.000000 0.000003 -0.000000 -1.000000 0.000002 -0.000000 -1.000000 0.000002 -0.000000 -1.000000 0.000001 -0.000000 -1.000000 0.000002 -0.000000 -0.049554 -0.000005 0.998771 -0.049554 -0.000006 0.998771 -0.049554 -0.000005 0.998771 -0.049554 -0.000005 0.998771 -0.049554 -0.000003 0.998771 -0.049554 -0.000005 0.998771 -0.000000 -0.049554 0.998771 0.000001 -0.049554 0.998771 -0.000000 -0.049553 0.998771 -0.000000 -0.049553 0.998771 -0.000001 -0.049553 0.998771 -0.000000 -0.049554 0.998771 0.049554 0.000003 0.998771 0.049554 -0.000001 0.998771 0.049554 0.000003 0.998771 0.049554 0.000003 0.998771 0.049554 0.000007 0.998771 0.049554 0.000003 0.998771 -0.000000 0.049553 0.998771 0.000000 0.049553 0.998771 -0.000000 0.049553 0.998771 -0.000000 0.049553 0.998771 -0.000000 0.049553 0.998771 -0.000000 0.049553 0.998771 -0.000000 0.000000 1.000000 -0.000000 0.000000 1.000000 -0.000000 0.000000 1.000000 -0.000000 0.000000 1.000000 -0.000000 0.000000 1.000000 -0.000000 0.000000 1.000000 0.000000 -0.000000 1.000000 0.000000 -0.000000 1.000000 0.000000 -0.000000 1.000000 0.000000 -0.000000 1.000000 0.000000 -0.000000 1.000000 0.000000 -0.000000 1.000000 0.000000 -0.000000 1.000000 0.000000 -0.000000 1.000000 0.000000 -0.000000 1.000000 0.000000 -0.000000 1.000000 0.000000 -0.000000 1.000000 0.000000 -0.000000 1.000000 -0.000000 0.000000 1.000000 -0.000000 0.000000 1.000000 -0.000000 0.000000 1.000000 -0.000000 0.000000 1.000000 -0.000000 0.000000 1.000000 -0.000000 0.000000 1.000000 -0.280325 0.000026 0.959905 -0.280324 0.000063 0.959905 -0.280325 0.000026 0.959905 -0.280325 0.000026 0.959905 -0.280325 -0.000011 0.959905 -0.280325 0.000026 0.959905 0.000033 -0.280328 0.959904 0.000033 -0.280328 0.959904 0.000033 -0.280328 0.959904 -0.000025 -0.280326 0.959905 -0.000025 -0.280325 0.959905 -0.000025 -0.280326 0.959905 0.280327 -0.000027 0.959905 0.280327 -0.000084 0.959905 0.280327 -0.000027 0.959905 0.280327 -0.000027 0.959905 0.280326 0.000029 0.959905 0.280327 -0.000027 0.959905 -0.000002 0.280326 0.959905 -0.000002 0.280326 0.959905 -0.000002 0.280326 0.959905 -0.000035 0.280328 0.959904 -0.000035 0.280328 0.959904 -0.000035 0.280328 0.959904 -1.000000 -0.000001 0.000000 -1.000000 -0.000001 0.000000 -1.000000 -0.000001 0.000000 -1.000000 -0.000001 0.000000 -1.000000 -0.000001 0.000000 -1.000000 -0.000001 0.000000 0.000000 -1.000000 0.000000 0.000000 -1.000000 -0.000000 0.000000 -1.000000 0.000000 0.000000 -1.000000 0.000000 0.000000 -1.000000 0.000000 0.000000 -1.000000 0.000000 0.000000 -1.000000 -0.000000 -0.000000 -1.000000 0.000000 0.000000 -1.000000 0.000000 0.000000 -1.000000 0.000000 0.000001 -1.000000 -0.000000 0.000000 -1.000000 -0.000000 0.000001 1.000000 0.000000 0.000001 1.000000 0.000000 0.000001 1.000000 0.000000 0.000001 1.000000 0.000000 0.000001 1.000000 0.000000 0.000001 1.000000 0.000000 -0.000005 -1.000000 0.000000 -0.000001 -1.000000 0.000000 -0.000003 -1.000000 0.000000 -0.000003 -1.000000 0.000000 -0.000001 -1.000000 0.000000 -0.000005 -1.000000 0.000000 -0.000005 -1.000000 0.000000 -0.000003 -1.000000 0.000000 -0.000005 -1.000000 0.000000 0.000000 -1.000000 -0.000000 0.000001 -1.000000 -0.000000 0.000000 -1.000000 -0.000000 0.000000 -1.000000 -0.000000 -0.000000 -1.000000 0.000000 0.000000 -1.000000 -0.000000 0.000000 -1.000000 0.000000 0.000000 -1.000000 0.000000 0.000000 -1.000000 0.000000 0.000000 -1.000000 0.000000 0.000000 -1.000000 0.000000 0.000000 -1.000000 0.000000 0.000045 -1.000000 0.000000 0.000001 -1.000000 0.000000 0.000030 -1.000000 0.000000 0.000030 -1.000000 0.000000 0.000000 -1.000000 -0.000000 0.000045 -1.000000 0.000000 0.000045 -1.000000 0.000000 0.000030 -1.000000 0.000000 0.000045 -1.000000 0.000000 0.000001 -1.000000 0.000000 0.000001 -1.000000 0.000000 0.000001 -1.000000 0.000000 0.000001 -1.000000 0.000000 0.000001 -1.000000 -0.000000 0.000001 -1.000000 0.000000 1.000000 0.000000 0.000000 1.000000 0.000000 -0.000000 1.000000 0.000000 0.000000 1.000000 0.000000 0.000000 1.000000 0.000000 0.000001 1.000000 0.000000 0.000000 -1.000000 0.000000 0.000000 -1.000000 0.000000 0.000000 -1.000000 0.000000 0.000000 -1.000000 0.000000 0.000000 -1.000000 0.000000 0.000000 -1.000000 0.000000 0.000000 -0.000002 1.000000 -0.000009 -0.000001 1.000000 -0.000005 -0.000001 1.000000 -0.000003 0.000003 1.000000 -0.000001 0.000003 1.000000 -0.000001 0.000003 1.000000 -0.000001 -0.000000 1.000000 0.000000 -0.000000 1.000000 0.000000 -0.000000 1.000000 0.000000 0.000000 1.000000 -0.000000 0.000000 1.000000 -0.000000 0.000000 1.000000 -0.000000 0.000000 1.000000 -0.000000 0.000000 1.000000 -0.000000 0.000000 1.000000 -0.000000 1.000000 0.000003 0.000000 1.000000 0.000003 0.000000 1.000000 0.000003 0.000000 0.000000 -1.000000 0.000000 0.000000 -1.000000 0.000000 0.000000 -1.000000 -0.000000 -1.000000 0.000003 -0.000000 -1.000000 0.000003 -0.000000 -1.000000 0.000003 -0.000000